2.0 140
3.0 263
4.0 263
5.0 442
6.0 442
7.0 516
8.0 516
9.0 660
10.0 660
11.0 756
12.0 755
13.0 816
14.0 784
15.0 964
16.0 890
17.0 959
18.0 936
19.0 1000
20.0 909
21.0 988
22.0 789
23.0 902
24.0 753
25.0 832
26.0 600
27.0 694
28.0 579
29.0 648
30.0 595
31.0 656
32.0 575
33.0 786
34.0 736
35.0 820
36.0 752
37.0 988
38.0 980
39.0 1000
40.0 989
41.0 1000
42.0 906
43.0 837
44.0 667
45.0 663
46.0 638
47.0 677
48.0 433
49.0 628
50.0 491
51.0 641
52.0 640
53.0 831
54.0 820
55.0 840
56.0 766
57.0 883
58.0 842
59.0 941
60.0 835
61.0 955
62.0 831
63.0 866
64.0 843
65.0 1000
66.0 987
67.0 961
68.0 839
69.0 829
70.0 689
71.0 847
72.0 705
73.0 730
74.0 664
75.0 665
76.0 613
77.0 917
78.0 880
79.0 1000
80.0 990
81.0 985
82.0 880
83.0 904
84.0 781
85.0 912
86.0 808
87.0 749
88.0 702
89.0 641
90.0 608
91.0 793
92.0 740
93.0 983
94.0 940
95.0 848
96.0 834
97.0 874
98.0 806
99.0 869
100.0 867
101.0 869
102.0 764
103.0 859
104.0 631
105.0 578
106.0 559
107.0 660
108.0 633
109.0 635
110.0 536
111.0 517
112.0 459
113.0 505
114.0 367
115.0 497
116.0 492
117.0 595
118.0 380
119.0 790
120.0 775
121.0 1000
122.0 991
123.0 968
124.0 944
125.0 887
126.0 879
127.0 835
128.0 817
129.0 585
130.0 503
131.0 854
132.0 627
133.0 776
134.0 767
135.0 971
136.0 960
137.0 1000
138.0 986
139.0 1000
140.0 935
141.0 961
142.0 677
143.0 889
144.0 788
145.0 1000
146.0 742
147.0 965
148.0 896
149.0 966
150.0 927
151.0 968
152.0 936
153.0 1000
154.0 735
155.0 642
156.0 591
157.0 627
158.0 516
159.0 535
160.0 534
161.0 540
162.0 507
163.0 544
164.0 540
165.0 664
166.0 606
167.0 587
168.0 583
169.0 744
170.0 653
171.0 667
172.0 611
173.0 869
174.0 866
175.0 969
176.0 963
177.0 974
178.0 844
179.0 722
180.0 688
181.0 699
182.0 686
183.0 651
184.0 407
185.0 454
186.0 324
187.0 596
188.0 587
189.0 679
190.0 670
191.0 802
192.0 787
193.0 964
194.0 908
195.0 983
196.0 868
197.0 825
198.0 682
199.0 686
200.0 624
201.0 689
202.0 560
203.0 653
204.0 562
205.0 706
206.0 688
207.0 772
208.0 733
209.0 983
210.0 967
211.0 1000
212.0 922
213.0 929
214.0 799
215.0 1000
216.0 854
217.0 748
218.0 805
219.0 538
220.0 557
221.0 541
222.0 693
223.0 670
224.0 730
225.0 564
226.0 546
227.0 546
228.0 475
229.0 453
230.0 483
231.0 481
232.0 412
233.0 355
234.0 248
235.0 244
236.0 244
237.0 176
238.0 227
239.0 223
240.0 386
241.0 357
242.0 415
243.0 403
244.0 721
245.0 719
246.0 977
247.0 964
248.0 954
249.0 910
250.0 964
251.0 811
252.0 959
253.0 923
254.0 1000
255.0 713
257.0 550
256.0 553
258.0 908
259.0 900
260.0 905
261.0 842
262.0 762
263.0 740
264.0 872
270.0 570
271.0 547
268.0 710
269.0 485
265.0 813
266.0 797
267.0 794
273.0 827
272.0 849
274.0 979
275.0 906
276.0 931
277.0 861
278.0 857
279.0 856
280.0 930
286.0 777
287.0 758
284.0 855
285.0 750
281.0 870
282.0 1000
283.0 993
289.0 851
288.0 897
290.0 836
291.0 789
292.0 951
293.0 499
294.0 634
295.0 623
296.0 559
302.0 655
303.0 711
300.0 692
301.0 866
297.0 651
298.0 628
299.0 699
305.0 817
304.0 632
306.0 817
307.0 991
308.0 912
309.0 932
310.0 775
311.0 668
312.0 632
318.0 844
319.0 1000
316.0 914
317.0 1000
313.0 772
314.0 735
315.0 1000
321.0 1000
320.0 997
322.0 998
323.0 1000
324.0 965
325.0 813
326.0 625
327.0 707
328.0 674
334.0 485
335.0 685
332.0 606
333.0 620
329.0 627
330.0 512
331.0 674
337.0 629
336.0 633
338.0 519
339.0 581
340.0 550
341.0 660
342.0 597
343.0 726
344.0 716
350.0 730
351.0 706
348.0 491
349.0 775
345.0 741
346.0 520
347.0 492
353.0 588
352.0 546
354.0 482
355.0 694
356.0 680
357.0 798
358.0 790
359.0 633
360.0 518
366.0 533
367.0 695
364.0 713
365.0 643
361.0 758
362.0 755
363.0 731
369.0 702
368.0 680
370.0 681
371.0 597
372.0 539
373.0 546
374.0 525
375.0 648
376.0 634
382.0 507
383.0 594
380.0 591
381.0 537
377.0 657
378.0 511
379.0 624
385.0 714
384.0 585
386.0 569
387.0 823
388.0 695
389.0 751
390.0 733
391.0 1000
392.0 996
398.0 761
399.0 744
396.0 872
397.0 958
393.0 997
394.0 991
395.0 972
401.0 634
400.0 654
402.0 437
403.0 782
404.0 698
405.0 733
406.0 711
407.0 749
408.0 599
414.0 539
415.0 635
412.0 801
413.0 672
409.0 894
410.0 836
411.0 836
417.0 758
416.0 622
418.0 706
419.0 1000
420.0 740
421.0 771
422.0 762
423.0 1000
424.0 990
430.0 686
431.0 887
428.0 819
429.0 950
425.0 992
426.0 929
427.0 931
433.0 796
432.0 878
434.0 719
435.0 797
436.0 738
437.0 1000
438.0 982
439.0 1000
440.0 862
446.0 682
447.0 889
444.0 721
445.0 747
441.0 730
442.0 689
443.0 755
449.0 915
448.0 672
450.0 855
451.0 914
452.0 839
453.0 1000
454.0 841
455.0 1000
456.0 985
462.0 534
463.0 731
460.0 511
461.0 537
457.0 748
458.0 722
459.0 685
465.0 544
464.0 550
466.0 486
467.0 562
468.0 560
469.0 621
470.0 611
471.0 594
472.0 577
478.0 930
479.0 1000
476.0 518
477.0 1000
473.0 613
474.0 482
475.0 606
481.0 959
480.0 942
482.0 938
483.0 988
484.0 917
485.0 827
486.0 801
487.0 720
488.0 412
494.0 663
495.0 677
492.0 692
493.0 739
489.0 595
490.0 552
491.0 694
497.0 963
496.0 645
498.0 876
499.0 860
500.0 639
501.0 1000
502.0 838
503.0 1000
504.0 970
510.0 683
511.0 673
508.0 675
509.0 698
505.0 996
506.0 975
507.0 778
515.0 555
512.0 378
526.0 894
527.0 952
524.0 795
525.0 1000
522.0 908
523.0 1000
513.0 554
514.0 401
516.0 552
517.0 689
518.0 680
519.0 991
528.0 808
542.0 788
543.0 741
540.0 804
541.0 828
538.0 563
539.0 838
536.0 520
537.0 618
529.0 617
530.0 534
531.0 600
532.0 598
533.0 724
534.0 680
535.0 631
520.0 973
521.0 1000
547.0 890
544.0 706
558.0 923
559.0 844
556.0 709
557.0 975
554.0 689
555.0 814
545.0 862
546.0 789
548.0 818
549.0 799
550.0 696
551.0 788
560.0 817
574.0 991
575.0 993
572.0 938
573.0 1000
570.0 985
571.0 1000
568.0 638
569.0 1000
561.0 864
562.0 747
563.0 984
564.0 974
565.0 962
566.0 777
567.0 709
552.0 757
553.0 765
579.0 669
576.0 984
590.0 915
591.0 860
588.0 928
589.0 978
586.0 708
587.0 1000
577.0 860
578.0 849
580.0 538
581.0 752
582.0 746
583.0 858
592.0 838
606.0 754
607.0 899
604.0 561
605.0 788
602.0 753
603.0 722
600.0 768
601.0 820
593.0 1000
594.0 918
595.0 958
596.0 909
597.0 895
598.0 745
599.0 775
584.0 605
585.0 721
611.0 966
608.0 846
622.0 758
623.0 836
620.0 602
621.0 778
618.0 680
619.0 754
609.0 1000
610.0 948
612.0 866
613.0 937
614.0 936
615.0 728
624.0 799
638.0 749
639.0 992
636.0 753
637.0 869
634.0 814
635.0 801
632.0 794
633.0 911
625.0 984
626.0 968
627.0 1000
628.0 911
629.0 980
630.0 891
631.0 987
616.0 707
617.0 790
643.0 1000
640.0 975
654.0 744
655.0 944
652.0 997
653.0 1000
650.0 897
651.0 1000
641.0 1000
642.0 889
644.0 981
645.0 948
646.0 831
647.0 870
656.0 925
670.0 809
671.0 1000
668.0 935
669.0 1000
666.0 856
667.0 936
664.0 955
665.0 1000
657.0 914
658.0 901
659.0 880
660.0 651
661.0 949
662.0 877
663.0 984
648.0 783
649.0 978
675.0 1000
672.0 693
686.0 676
687.0 860
684.0 811
685.0 677
682.0 842
683.0 824
673.0 755
674.0 728
676.0 881
677.0 802
678.0 791
679.0 1000
688.0 838
702.0 830
703.0 849
700.0 789
701.0 1000
698.0 639
699.0 960
696.0 799
697.0 787
689.0 881
690.0 848
691.0 1000
692.0 920
693.0 965
694.0 863
695.0 895
680.0 963
681.0 1000
707.0 1000
704.0 827
718.0 673
719.0 679
716.0 573
717.0 684
714.0 716
715.0 756
705.0 1000
706.0 994
708.0 944
709.0 687
710.0 609
711.0 568
720.0 668
734.0 586
735.0 396
732.0 711
733.0 630
730.0 947
731.0 807
728.0 943
729.0 1000
721.0 835
722.0 782
723.0 923
724.0 700
725.0 1000
726.0 992
727.0 976
712.0 531
713.0 716
739.0 462
736.0 306
750.0 423
751.0 626
748.0 343
749.0 526
746.0 490
747.0 488
737.0 471
738.0 411
740.0 450
741.0 439
742.0 437
743.0 532
752.0 613
766.0 616
767.0 706
764.0 586
765.0 621
762.0 458
763.0 587
760.0 542
761.0 541
753.0 615
754.0 511
755.0 521
756.0 442
757.0 549
758.0 537
759.0 558
744.0 515
745.0 500
771.0 647
768.0 641
782.0 735
783.0 869
780.0 813
781.0 752
778.0 657
779.0 881
769.0 646
770.0 561
772.0 557
773.0 494
774.0 483
775.0 731
784.0 814
798.0 598
799.0 658
796.0 600
797.0 620
794.0 693
795.0 683
792.0 625
793.0 816
785.0 1000
786.0 766
787.0 714
788.0 713
789.0 682
790.0 613
791.0 658
776.0 709
777.0 661
803.0 1000
800.0 501
814.0 386
815.0 654
812.0 579
813.0 472
810.0 922
811.0 869
801.0 897
802.0 856
804.0 877
805.0 932
806.0 907
807.0 946
816.0 526
830.0 634
831.0 799
828.0 653
829.0 737
826.0 714
827.0 721
824.0 928
825.0 841
817.0 663
818.0 650
819.0 823
820.0 775
821.0 789
822.0 734
823.0 948
808.0 932
809.0 939
835.0 904
832.0 795
846.0 711
847.0 912
844.0 945
845.0 1000
842.0 884
843.0 946
833.0 792
834.0 598
836.0 818
837.0 1000
838.0 878
839.0 903
848.0 741
862.0 490
863.0 528
860.0 642
861.0 546
858.0 702
859.0 809
856.0 803
857.0 728
849.0 799
850.0 788
851.0 995
852.0 786
853.0 799
854.0 772
855.0 835
840.0 846
841.0 888
867.0 1000
864.0 492
878.0 401
879.0 679
876.0 794
877.0 815
874.0 980
875.0 801
865.0 695
866.0 602
868.0 952
869.0 921
870.0 862
871.0 966
880.0 650
894.0 559
895.0 636
892.0 547
893.0 575
890.0 734
891.0 821
888.0 933
889.0 943
881.0 926
882.0 822
883.0 767
884.0 704
885.0 936
886.0 928
887.0 968
872.0 900
873.0 981
899.0 711
896.0 543
910.0 874
911.0 970
908.0 715
909.0 984
906.0 650
907.0 883
897.0 660
898.0 636
900.0 698
901.0 916
902.0 844
903.0 890
912.0 757
926.0 970
927.0 1000
924.0 862
925.0 1000
922.0 753
923.0 914
920.0 667
921.0 831
913.0 925
914.0 878
915.0 928
916.0 925
917.0 925
918.0 797
919.0 695
904.0 864
905.0 725
931.0 846
928.0 967
942.0 815
943.0 902
940.0 805
941.0 954
938.0 704
939.0 846
929.0 1000
930.0 870
932.0 839
933.0 880
934.0 640
935.0 592
944.0 852
958.0 742
959.0 871
956.0 812
957.0 866
954.0 974
955.0 853
952.0 750
953.0 984
945.0 969
946.0 963
947.0 1000
948.0 840
949.0 950
950.0 844
951.0 885
936.0 541
937.0 779
963.0 759
960.0 843
974.0 741
975.0 836
972.0 751
973.0 966
970.0 658
971.0 753
961.0 865
962.0 780
964.0 640
965.0 698
966.0 697
967.0 940
976.0 834
990.0 614
991.0 700
988.0 663
989.0 712
986.0 678
987.0 717
984.0 672
985.0 699
977.0 958
978.0 707
979.0 798
980.0 759
981.0 760
982.0 744
983.0 795
968.0 876
969.0 774
995.0 783
992.0 618
993.0 789
994.0 766
996.0 680
997.0 819
998.0 760
999.0 760
1000.0 734
