2.0 5
3.0 31
4.0 31
5.0 55
6.0 55
7.0 73
8.0 73
9.0 82
10.0 82
11.0 82
12.0 94
13.0 94
14.0 104
15.0 104
16.0 113
17.0 113
18.0 126
19.0 126
20.0 141
21.0 141
22.0 155
23.0 155
24.0 161
25.0 161
26.0 172
27.0 172
28.0 180
29.0 180
30.0 205
31.0 205
32.0 233
33.0 233
34.0 248
35.0 248
36.0 259
37.0 259
38.0 267
39.0 267
40.0 293
41.0 293
42.0 333
43.0 333
44.0 353
45.0 353
46.0 363
47.0 363
48.0 374
49.0 374
50.0 382
51.0 382
52.0 387
53.0 387
54.0 408
55.0 408
56.0 422
57.0 422
58.0 440
59.0 440
60.0 456
61.0 456
62.0 472
63.0 472
64.0 485
65.0 485
66.0 503
67.0 503
68.0 514
69.0 514
70.0 551
71.0 551
72.0 573
73.0 573
74.0 592
75.0 592
76.0 625
77.0 625
78.0 633
79.0 633
80.0 646
81.0 646
82.0 651
83.0 651
84.0 660
85.0 660
86.0 675
87.0 675
88.0 678
89.0 678
90.0 700
91.0 700
92.0 717
93.0 717
94.0 732
95.0 732
96.0 740
97.0 740
98.0 752
99.0 752
100.0 786
101.0 784
102.0 815
103.0 810
104.0 808
105.0 784
106.0 798
107.0 788
108.0 806
109.0 799
110.0 822
111.0 822
112.0 832
113.0 822
114.0 830
115.0 825
116.0 845
117.0 841
118.0 854
119.0 851
120.0 849
121.0 847
122.0 872
123.0 859
124.0 892
125.0 888
126.0 888
127.0 888
128.0 904
129.0 901
130.0 900
131.0 878
132.0 894
133.0 871
134.0 869
135.0 861
136.0 862
137.0 860
138.0 865
139.0 859
140.0 851
141.0 838
142.0 817
143.0 811
144.0 810
145.0 808
146.0 800
147.0 820
148.0 811
149.0 809
150.0 820
151.0 815
152.0 823
153.0 822
154.0 822
155.0 812
156.0 810
157.0 809
158.0 832
159.0 816
160.0 822
161.0 821
162.0 828
163.0 814
164.0 812
165.0 809
166.0 826
167.0 810
168.0 808
169.0 805
170.0 807
171.0 778
172.0 808
173.0 796
174.0 794
175.0 793
176.0 814
177.0 782
178.0 799
179.0 796
180.0 800
181.0 794
182.0 805
183.0 803
184.0 839
185.0 838
186.0 856
187.0 846
188.0 876
189.0 874
190.0 875
191.0 868
192.0 876
193.0 872
194.0 902
195.0 896
196.0 909
197.0 908
198.0 905
199.0 900
200.0 896
201.0 875
202.0 896
203.0 886
204.0 878
205.0 877
206.0 875
207.0 868
208.0 844
209.0 855
210.0 842
211.0 834
212.0 827
213.0 830
214.0 817
215.0 823
216.0 810
217.0 806
218.0 787
219.0 800
220.0 792
221.0 789
222.0 795
223.0 780
224.0 777
225.0 767
226.0 791
227.0 785
228.0 795
229.0 778
230.0 797
231.0 797
232.0 798
233.0 783
234.0 827
235.0 827
236.0 825
237.0 820
238.0 820
239.0 817
240.0 832
241.0 831
242.0 841
243.0 832
244.0 835
245.0 824
246.0 858
247.0 856
248.0 853
249.0 853
250.0 861
251.0 853
252.0 847
253.0 860
254.0 854
255.0 853
257.0 842
256.0 846
258.0 840
259.0 830
260.0 823
261.0 813
262.0 832
263.0 826
264.0 840
270.0 844
271.0 850
268.0 841
269.0 853
265.0 839
266.0 828
267.0 844
273.0 835
272.0 818
274.0 822
275.0 824
276.0 816
277.0 808
278.0 787
279.0 799
280.0 797
286.0 783
287.0 787
284.0 777
285.0 795
281.0 800
282.0 791
283.0 794
289.0 773
288.0 779
290.0 771
291.0 762
292.0 757
293.0 756
294.0 730
295.0 741
296.0 724
302.0 775
303.0 767
300.0 774
301.0 800
297.0 754
298.0 752
299.0 779
305.0 769
304.0 760
306.0 764
307.0 789
308.0 789
309.0 840
310.0 836
311.0 862
312.0 859
318.0 891
319.0 874
316.0 897
317.0 889
313.0 900
314.0 898
315.0 899
321.0 882
320.0 882
322.0 912
323.0 904
324.0 895
325.0 889
326.0 887
327.0 863
328.0 879
334.0 876
335.0 851
332.0 876
333.0 873
329.0 868
330.0 889
331.0 869
337.0 864
336.0 866
338.0 872
339.0 871
340.0 870
341.0 858
342.0 872
343.0 863
344.0 867
350.0 835
351.0 834
348.0 841
349.0 836
345.0 867
346.0 867
347.0 848
353.0 862
352.0 868
354.0 860
355.0 859
356.0 867
357.0 867
358.0 860
359.0 859
360.0 877
366.0 860
367.0 849
364.0 854
365.0 847
361.0 875
362.0 873
363.0 862
369.0 846
368.0 847
370.0 846
371.0 844
372.0 839
373.0 841
374.0 823
375.0 845
376.0 841
382.0 830
383.0 855
380.0 838
381.0 833
377.0 841
378.0 840
379.0 850
385.0 841
384.0 850
386.0 822
387.0 843
388.0 840
389.0 860
390.0 844
391.0 846
392.0 842
398.0 805
399.0 809
396.0 820
397.0 824
393.0 849
394.0 839
395.0 835
401.0 785
400.0 784
402.0 764
403.0 758
404.0 787
405.0 776
406.0 796
407.0 780
408.0 792
414.0 689
415.0 685
412.0 734
413.0 713
409.0 769
410.0 737
411.0 727
417.0 701
416.0 701
418.0 716
419.0 715
420.0 728
421.0 721
422.0 695
423.0 708
424.0 706
430.0 689
431.0 700
428.0 709
429.0 701
425.0 713
426.0 712
427.0 714
433.0 701
432.0 697
434.0 683
435.0 697
436.0 689
437.0 704
438.0 699
439.0 696
440.0 693
446.0 738
447.0 846
444.0 728
445.0 752
441.0 742
442.0 733
443.0 739
449.0 841
448.0 845
450.0 866
451.0 856
452.0 864
453.0 846
454.0 861
455.0 854
456.0 871
462.0 879
463.0 876
460.0 874
461.0 856
457.0 863
458.0 870
459.0 867
465.0 892
464.0 892
466.0 902
467.0 893
468.0 902
469.0 895
470.0 882
471.0 888
472.0 888
478.0 875
479.0 907
476.0 876
477.0 877
473.0 888
474.0 887
475.0 886
481.0 927
480.0 904
482.0 925
483.0 928
484.0 915
485.0 928
486.0 915
487.0 910
488.0 896
494.0 888
495.0 919
492.0 894
493.0 891
489.0 905
490.0 886
491.0 895
497.0 952
496.0 916
498.0 938
499.0 945
500.0 943
501.0 951
502.0 948
503.0 948
504.0 963
510.0 946
511.0 946
508.0 956
509.0 936
505.0 944
506.0 952
507.0 936
515.0 935
512.0 928
526.0 966
527.0 975
524.0 930
525.0 968
522.0 953
523.0 949
513.0 926
514.0 936
516.0 957
517.0 949
518.0 957
519.0 942
528.0 975
542.0 941
543.0 954
540.0 987
541.0 963
538.0 979
539.0 988
536.0 983
537.0 979
529.0 1000
530.0 995
531.0 985
532.0 979
533.0 993
534.0 986
535.0 985
520.0 938
521.0 953
547.0 941
544.0 948
558.0 856
559.0 867
556.0 861
557.0 857
554.0 864
555.0 866
545.0 941
546.0 930
548.0 842
549.0 861
550.0 840
551.0 862
560.0 862
574.0 943
575.0 946
572.0 933
573.0 947
570.0 914
571.0 935
568.0 887
569.0 914
561.0 903
562.0 885
563.0 890
564.0 875
565.0 871
566.0 869
567.0 898
552.0 845
553.0 865
579.0 947
576.0 942
590.0 899
591.0 922
588.0 891
589.0 909
586.0 881
587.0 894
577.0 941
578.0 954
580.0 923
581.0 912
582.0 898
583.0 897
592.0 912
606.0 888
607.0 917
604.0 904
605.0 900
602.0 915
603.0 918
600.0 921
601.0 916
593.0 945
594.0 941
595.0 932
596.0 919
597.0 929
598.0 902
599.0 928
584.0 885
585.0 889
611.0 914
608.0 914
622.0 938
623.0 935
620.0 945
621.0 945
618.0 911
619.0 945
609.0 926
610.0 914
612.0 911
613.0 917
614.0 908
615.0 928
624.0 944
638.0 911
639.0 919
636.0 930
637.0 926
634.0 930
635.0 922
632.0 922
633.0 914
625.0 898
626.0 931
627.0 924
628.0 938
629.0 916
630.0 924
631.0 919
616.0 917
617.0 918
643.0 932
640.0 912
654.0 903
655.0 908
652.0 922
653.0 914
650.0 940
651.0 932
641.0 947
642.0 942
644.0 932
645.0 934
646.0 933
647.0 963
656.0 907
670.0 888
671.0 866
668.0 891
669.0 876
666.0 922
667.0 887
664.0 913
665.0 912
657.0 897
658.0 923
659.0 922
660.0 931
661.0 912
662.0 891
663.0 888
648.0 952
649.0 951
675.0 866
672.0 862
686.0 965
687.0 963
684.0 957
685.0 965
682.0 934
683.0 957
673.0 859
674.0 851
676.0 856
677.0 902
678.0 896
679.0 914
688.0 961
702.0 909
703.0 923
700.0 905
701.0 911
698.0 935
699.0 935
696.0 944
697.0 949
689.0 964
690.0 950
691.0 954
692.0 939
693.0 941
694.0 922
695.0 945
680.0 911
681.0 934
707.0 925
704.0 921
718.0 898
719.0 887
716.0 917
717.0 904
714.0 914
715.0 923
705.0 927
706.0 926
708.0 920
709.0 901
710.0 893
711.0 920
720.0 881
734.0 922
735.0 905
732.0 927
733.0 929
730.0 921
731.0 928
728.0 927
729.0 931
721.0 890
722.0 874
723.0 880
724.0 877
725.0 902
726.0 883
727.0 930
712.0 918
713.0 918
739.0 902
736.0 898
750.0 885
751.0 920
748.0 890
749.0 891
746.0 909
747.0 894
737.0 892
738.0 892
740.0 898
741.0 886
742.0 881
743.0 883
752.0 916
766.0 943
767.0 936
764.0 955
765.0 923
762.0 944
763.0 940
760.0 951
761.0 931
753.0 923
754.0 922
755.0 939
756.0 916
757.0 925
758.0 911
759.0 958
744.0 877
745.0 910
771.0 929
768.0 956
782.0 877
783.0 874
780.0 877
781.0 852
778.0 904
779.0 901
769.0 951
770.0 930
772.0 940
773.0 939
774.0 949
775.0 935
784.0 855
798.0 817
799.0 816
796.0 827
797.0 823
794.0 851
795.0 849
792.0 857
793.0 849
785.0 837
786.0 841
787.0 833
788.0 837
789.0 835
790.0 836
791.0 828
776.0 945
777.0 937
803.0 821
800.0 841
814.0 809
815.0 804
812.0 803
813.0 801
810.0 820
811.0 815
801.0 834
802.0 834
804.0 820
805.0 804
806.0 814
807.0 813
816.0 819
830.0 769
831.0 764
828.0 757
829.0 750
826.0 810
827.0 797
824.0 817
825.0 797
817.0 818
818.0 829
819.0 812
820.0 822
821.0 813
822.0 817
823.0 813
808.0 813
809.0 810
835.0 782
832.0 760
846.0 785
847.0 779
844.0 798
845.0 773
842.0 803
843.0 800
833.0 763
834.0 760
836.0 781
837.0 819
838.0 816
839.0 812
848.0 787
862.0 735
863.0 724
860.0 727
861.0 727
858.0 778
859.0 764
856.0 770
857.0 768
849.0 786
850.0 788
851.0 750
852.0 775
853.0 769
854.0 780
855.0 766
840.0 814
841.0 801
867.0 723
864.0 733
878.0 738
879.0 738
876.0 711
877.0 705
874.0 725
875.0 711
865.0 727
866.0 739
868.0 712
869.0 709
870.0 718
871.0 716
880.0 751
894.0 750
895.0 745
892.0 759
893.0 734
890.0 747
891.0 768
888.0 748
889.0 754
881.0 751
882.0 751
883.0 743
884.0 738
885.0 753
886.0 749
887.0 761
872.0 724
873.0 718
899.0 764
896.0 752
910.0 763
911.0 759
908.0 771
909.0 758
906.0 766
907.0 759
897.0 750
898.0 764
900.0 759
901.0 748
902.0 750
903.0 747
912.0 788
926.0 815
927.0 792
924.0 798
925.0 797
922.0 797
923.0 796
920.0 769
921.0 762
913.0 778
914.0 783
915.0 776
916.0 773
917.0 754
918.0 769
919.0 764
904.0 752
905.0 752
931.0 775
928.0 798
942.0 753
943.0 754
940.0 761
941.0 760
938.0 729
939.0 763
929.0 791
930.0 768
932.0 775
933.0 779
934.0 777
935.0 774
944.0 753
958.0 767
959.0 763
956.0 777
957.0 775
954.0 787
955.0 769
952.0 778
953.0 767
945.0 754
946.0 739
947.0 726
948.0 719
949.0 717
950.0 757
951.0 755
936.0 761
937.0 749
963.0 768
960.0 768
974.0 788
975.0 805
972.0 760
973.0 793
970.0 768
971.0 768
961.0 763
962.0 775
964.0 777
965.0 761
966.0 755
967.0 746
976.0 800
990.0 804
991.0 802
988.0 781
989.0 807
986.0 755
987.0 790
984.0 765
985.0 770
977.0 811
978.0 785
979.0 788
980.0 780
981.0 782
982.0 780
983.0 765
968.0 772
969.0 771
995.0 771
992.0 785
993.0 785
994.0 785
996.0 789
997.0 776
998.0 785
999.0 780
1000.0 785
