2.0 14
3.0 16
4.0 16
5.0 19
6.0 19
7.0 19
8.0 28
9.0 28
10.0 32
11.0 32
12.0 36
13.0 36
14.0 51
15.0 51
16.0 54
17.0 54
18.0 59
19.0 59
20.0 67
21.0 67
22.0 76
23.0 76
24.0 91
25.0 91
26.0 98
27.0 98
28.0 114
29.0 114
30.0 122
31.0 122
32.0 138
33.0 138
34.0 139
35.0 139
36.0 145
37.0 145
38.0 152
39.0 152
40.0 152
41.0 159
42.0 159
43.0 165
44.0 165
45.0 175
46.0 175
47.0 179
48.0 179
49.0 189
50.0 189
51.0 189
52.0 206
53.0 206
54.0 206
55.0 211
56.0 211
57.0 230
58.0 230
59.0 230
60.0 247
61.0 247
62.0 258
63.0 258
64.0 267
65.0 267
66.0 268
67.0 268
68.0 274
69.0 274
70.0 282
71.0 282
72.0 282
73.0 297
74.0 297
75.0 305
76.0 305
77.0 312
78.0 312
79.0 319
80.0 319
81.0 319
82.0 326
83.0 326
84.0 334
85.0 334
86.0 360
87.0 360
88.0 366
89.0 366
90.0 366
91.0 378
92.0 378
93.0 388
94.0 388
95.0 391
96.0 391
97.0 408
98.0 408
99.0 416
100.0 416
101.0 420
102.0 420
103.0 430
104.0 430
105.0 435
106.0 435
107.0 446
108.0 446
109.0 452
110.0 452
111.0 463
112.0 463
113.0 467
114.0 467
115.0 467
116.0 476
117.0 476
118.0 489
119.0 489
120.0 489
121.0 495
122.0 495
123.0 504
124.0 504
125.0 508
126.0 508
127.0 514
128.0 514
129.0 516
130.0 516
131.0 532
132.0 532
133.0 539
134.0 539
135.0 544
136.0 544
137.0 560
138.0 560
139.0 563
140.0 563
141.0 567
142.0 567
143.0 573
144.0 573
145.0 585
146.0 585
147.0 595
148.0 595
149.0 601
150.0 601
151.0 611
152.0 611
153.0 612
154.0 612
155.0 636
156.0 636
157.0 653
158.0 653
159.0 659
160.0 659
161.0 667
162.0 667
163.0 674
164.0 674
165.0 674
166.0 679
167.0 679
168.0 689
169.0 689
170.0 689
171.0 702
172.0 702
173.0 718
174.0 718
175.0 718
176.0 728
177.0 728
178.0 731
179.0 731
180.0 734
181.0 734
182.0 744
183.0 744
184.0 757
185.0 757
186.0 768
187.0 768
188.0 777
189.0 777
190.0 784
191.0 784
192.0 790
193.0 790
194.0 796
195.0 796
196.0 810
197.0 810
198.0 815
199.0 815
200.0 818
201.0 815
202.0 821
203.0 820
204.0 825
205.0 822
206.0 837
207.0 837
208.0 844
209.0 836
210.0 840
211.0 837
212.0 841
213.0 839
214.0 832
215.0 828
216.0 830
217.0 830
218.0 832
219.0 829
220.0 831
221.0 825
222.0 825
223.0 822
224.0 822
225.0 814
226.0 809
227.0 816
228.0 808
229.0 804
230.0 797
231.0 802
232.0 801
233.0 798
234.0 797
235.0 801
236.0 798
237.0 798
238.0 795
239.0 810
240.0 810
241.0 804
242.0 809
243.0 808
244.0 803
245.0 802
246.0 802
247.0 799
248.0 806
249.0 804
250.0 806
251.0 806
252.0 806
253.0 799
254.0 820
255.0 818
257.0 814
256.0 819
258.0 814
259.0 814
260.0 819
261.0 819
262.0 821
263.0 815
264.0 811
270.0 803
271.0 803
268.0 809
269.0 809
265.0 809
266.0 808
267.0 811
273.0 812
272.0 803
274.0 801
275.0 807
276.0 803
277.0 816
278.0 810
279.0 812
280.0 810
286.0 812
287.0 793
284.0 821
285.0 814
281.0 815
282.0 810
283.0 822
289.0 795
288.0 796
290.0 802
291.0 790
292.0 805
293.0 802
294.0 802
295.0 800
296.0 803
302.0 793
303.0 791
300.0 796
301.0 795
297.0 791
298.0 789
299.0 784
305.0 782
304.0 786
306.0 781
307.0 778
308.0 774
309.0 781
310.0 780
311.0 772
312.0 772
318.0 800
319.0 790
316.0 794
317.0 788
313.0 795
314.0 793
315.0 797
321.0 792
320.0 797
322.0 801
323.0 793
324.0 795
325.0 792
326.0 798
327.0 796
328.0 808
334.0 816
335.0 813
332.0 814
333.0 812
329.0 806
330.0 823
331.0 811
337.0 806
336.0 811
338.0 803
339.0 802
340.0 801
341.0 806
342.0 803
343.0 815
344.0 810
350.0 806
351.0 809
348.0 812
349.0 809
345.0 801
346.0 811
347.0 802
353.0 810
352.0 808
354.0 810
355.0 806
356.0 796
357.0 797
358.0 790
359.0 799
360.0 798
366.0 792
367.0 788
364.0 790
365.0 790
361.0 800
362.0 794
363.0 795
369.0 795
368.0 795
370.0 798
371.0 793
372.0 797
373.0 787
374.0 785
375.0 785
376.0 787
382.0 792
383.0 787
380.0 788
381.0 794
377.0 784
378.0 792
379.0 790
385.0 791
384.0 785
386.0 785
387.0 780
388.0 782
389.0 778
390.0 781
391.0 777
392.0 781
398.0 772
399.0 768
396.0 777
397.0 768
393.0 778
394.0 780
395.0 775
401.0 779
400.0 781
402.0 784
403.0 773
404.0 773
405.0 771
406.0 769
407.0 766
408.0 764
414.0 763
415.0 764
412.0 768
413.0 765
409.0 760
410.0 763
411.0 759
417.0 765
416.0 763
418.0 764
419.0 772
420.0 770
421.0 775
422.0 772
423.0 769
424.0 779
430.0 780
431.0 779
428.0 777
429.0 776
425.0 774
426.0 778
427.0 772
433.0 786
432.0 791
434.0 779
435.0 782
436.0 779
437.0 777
438.0 788
439.0 779
440.0 775
446.0 776
447.0 776
444.0 778
445.0 772
441.0 775
442.0 779
443.0 775
449.0 790
448.0 790
450.0 797
451.0 789
452.0 787
453.0 792
454.0 782
455.0 773
456.0 772
462.0 757
463.0 755
460.0 762
461.0 762
457.0 788
458.0 785
459.0 781
465.0 761
464.0 763
466.0 773
467.0 772
468.0 774
469.0 772
470.0 777
471.0 776
472.0 782
478.0 757
479.0 752
476.0 763
477.0 754
473.0 771
474.0 770
475.0 765
481.0 757
480.0 760
482.0 769
483.0 767
484.0 765
485.0 765
486.0 766
487.0 762
488.0 768
494.0 748
495.0 746
492.0 762
493.0 748
489.0 765
490.0 763
491.0 759
497.0 746
496.0 749
498.0 750
499.0 750
500.0 755
501.0 745
502.0 758
503.0 758
504.0 766
510.0 765
511.0 764
508.0 773
509.0 767
505.0 765
506.0 770
507.0 769
515.0 752
512.0 767
526.0 761
527.0 776
524.0 753
525.0 766
522.0 733
523.0 754
513.0 747
514.0 755
516.0 756
517.0 756
518.0 749
519.0 746
528.0 775
542.0 761
543.0 756
540.0 763
541.0 760
538.0 753
539.0 752
536.0 756
537.0 755
529.0 767
530.0 755
531.0 762
532.0 760
533.0 763
534.0 758
535.0 756
520.0 739
521.0 741
547.0 749
544.0 757
558.0 732
559.0 728
556.0 741
557.0 739
554.0 750
555.0 742
545.0 757
546.0 758
548.0 758
549.0 752
550.0 752
551.0 752
560.0 726
574.0 737
575.0 741
572.0 740
573.0 739
570.0 742
571.0 746
568.0 739
569.0 744
561.0 724
562.0 724
563.0 727
564.0 725
565.0 740
566.0 738
567.0 753
552.0 747
553.0 752
579.0 735
576.0 738
590.0 726
591.0 728
588.0 719
589.0 730
586.0 721
587.0 725
577.0 737
578.0 731
580.0 735
581.0 731
582.0 729
583.0 731
592.0 726
606.0 714
607.0 709
604.0 720
605.0 717
602.0 728
603.0 721
600.0 737
601.0 732
593.0 737
594.0 734
595.0 741
596.0 734
597.0 739
598.0 735
599.0 741
584.0 729
585.0 725
611.0 727
608.0 721
622.0 741
623.0 741
620.0 742
621.0 736
618.0 747
619.0 738
609.0 720
610.0 727
612.0 731
613.0 721
614.0 729
615.0 726
624.0 743
638.0 760
639.0 750
636.0 757
637.0 757
634.0 746
635.0 744
632.0 742
633.0 731
625.0 743
626.0 754
627.0 751
628.0 748
629.0 750
630.0 744
631.0 743
616.0 746
617.0 743
643.0 757
640.0 752
654.0 753
655.0 758
652.0 752
653.0 764
650.0 750
651.0 752
641.0 748
642.0 759
644.0 770
645.0 768
646.0 771
647.0 769
656.0 758
670.0 760
671.0 754
668.0 752
669.0 749
666.0 750
667.0 748
664.0 745
665.0 743
657.0 754
658.0 748
659.0 741
660.0 747
661.0 746
662.0 744
663.0 751
648.0 748
649.0 751
675.0 760
672.0 757
686.0 767
687.0 766
684.0 759
685.0 753
682.0 767
683.0 760
673.0 752
674.0 760
676.0 770
677.0 768
678.0 764
679.0 764
688.0 771
702.0 768
703.0 760
700.0 771
701.0 772
698.0 785
699.0 779
696.0 773
697.0 771
689.0 765
690.0 770
691.0 770
692.0 774
693.0 772
694.0 768
695.0 775
680.0 772
681.0 769
707.0 754
704.0 756
718.0 776
719.0 781
716.0 770
717.0 776
714.0 767
715.0 773
705.0 755
706.0 752
708.0 751
709.0 747
710.0 745
711.0 755
720.0 780
734.0 804
735.0 815
732.0 795
733.0 805
730.0 797
731.0 801
728.0 791
729.0 800
721.0 794
722.0 793
723.0 792
724.0 785
725.0 804
726.0 791
727.0 795
712.0 752
713.0 778
739.0 814
736.0 814
750.0 801
751.0 798
748.0 805
749.0 796
746.0 808
747.0 807
737.0 812
738.0 812
740.0 811
741.0 810
742.0 808
743.0 813
752.0 799
766.0 814
767.0 813
764.0 824
765.0 822
762.0 826
763.0 826
760.0 814
761.0 826
753.0 798
754.0 802
755.0 801
756.0 813
757.0 811
758.0 811
759.0 814
744.0 808
745.0 804
771.0 805
768.0 809
782.0 834
783.0 833
780.0 822
781.0 821
778.0 827
779.0 825
769.0 808
770.0 807
772.0 808
773.0 807
774.0 818
775.0 817
784.0 833
798.0 831
799.0 839
796.0 831
797.0 835
794.0 817
795.0 835
792.0 826
793.0 818
785.0 831
786.0 824
787.0 834
788.0 832
789.0 830
790.0 827
791.0 829
776.0 827
777.0 826
803.0 839
800.0 834
814.0 831
815.0 830
812.0 838
813.0 838
810.0 841
811.0 841
801.0 836
802.0 833
804.0 839
805.0 854
806.0 853
807.0 857
816.0 832
830.0 798
831.0 798
828.0 797
829.0 790
826.0 797
827.0 794
824.0 808
825.0 802
817.0 820
818.0 821
819.0 815
820.0 816
821.0 811
822.0 811
823.0 807
808.0 844
809.0 850
835.0 786
832.0 797
846.0 770
847.0 772
844.0 777
845.0 773
842.0 784
843.0 782
833.0 797
834.0 795
836.0 794
837.0 780
838.0 783
839.0 779
848.0 772
862.0 769
863.0 763
860.0 771
861.0 769
858.0 768
859.0 772
856.0 766
857.0 769
849.0 778
850.0 778
851.0 779
852.0 774
853.0 773
854.0 765
855.0 766
840.0 776
841.0 791
867.0 751
864.0 764
878.0 765
879.0 764
876.0 769
877.0 763
874.0 780
875.0 772
865.0 764
866.0 761
868.0 755
869.0 751
870.0 757
871.0 752
880.0 761
894.0 779
895.0 776
892.0 776
893.0 771
890.0 766
891.0 762
888.0 772
889.0 764
881.0 752
882.0 758
883.0 757
884.0 764
885.0 764
886.0 774
887.0 770
872.0 753
873.0 751
899.0 771
896.0 775
910.0 792
911.0 787
908.0 790
909.0 792
906.0 786
907.0 790
897.0 775
898.0 768
900.0 771
901.0 780
902.0 780
903.0 783
912.0 787
926.0 742
927.0 728
924.0 755
925.0 738
922.0 761
923.0 758
920.0 759
921.0 757
913.0 770
914.0 767
915.0 772
916.0 766
917.0 765
918.0 761
919.0 763
904.0 782
905.0 790
931.0 719
928.0 731
942.0 684
943.0 688
940.0 689
941.0 688
938.0 690
939.0 690
929.0 719
930.0 721
932.0 711
933.0 705
934.0 698
935.0 694
944.0 682
958.0 677
959.0 673
956.0 675
957.0 672
954.0 680
955.0 677
952.0 680
953.0 679
945.0 682
946.0 685
947.0 684
948.0 683
949.0 681
950.0 680
951.0 678
936.0 690
937.0 692
963.0 671
960.0 670
974.0 694
975.0 694
972.0 693
973.0 696
970.0 684
971.0 694
961.0 657
962.0 673
964.0 671
965.0 682
966.0 680
967.0 693
976.0 686
990.0 707
991.0 713
988.0 704
989.0 712
986.0 704
987.0 713
984.0 696
985.0 704
977.0 682
978.0 680
979.0 684
980.0 682
981.0 704
982.0 700
983.0 698
968.0 683
969.0 689
995.0 709
992.0 712
993.0 721
994.0 715
996.0 696
997.0 702
998.0 699
999.0 693
1000.0 692
