0 0.0
1 0.2437999999999996
2 0.48199999999999954
3 0.7536000000000005
4 1.025699999999999
5 1.300100000000001
6 1.5801999999999987
7 1.8642000000000005
8 2.1588
9 2.4378
10 2.724199999999999
11 3.0155000000000016
12 3.2975000000000003
13 3.5799000000000007
14 3.860799999999997
15 4.1376000000000035
16 4.413299999999998
17 4.691699999999997
18 4.9736999999999965
19 5.261299999999996
20 5.535899999999999
21 5.8195000000000086
22 6.0933
23 6.377500000000003
24 6.660499999999994
25 6.946199999999999
26 7.221700000000007
27 7.4989000000000035
28 7.784599999999995
29 8.081799999999996
30 8.362499999999997
31 8.653000000000011
32 8.9353
33 9.220500000000008
34 9.502700000000004
35 9.783699999999993
36 10.055799999999989
37 10.341500000000009
38 10.634399999999994
39 10.919199999999998
40 11.199199999999996
41 11.483800000000006
42 11.7552
43 12.021699999999994
44 12.296800000000001
45 12.580400000000001
46 12.869999999999997
47 13.158299999999985
48 13.44460000000001
49 13.7245
50 14.020900000000015
51 14.304500000000008
52 14.59219999999999
53 14.88470000000001
54 15.162800000000008
55 15.442600000000004
56 15.72849999999998
57 16.00199999999998
58 16.287499999999998
59 16.568800000000007
60 16.856499999999993
61 17.126000000000005
62 17.406999999999993
63 17.674099999999992
64 17.94800000000001
65 18.233499999999996
66 18.520900000000008
67 18.805900000000012
68 19.088699999999978
69 19.36659999999998
70 19.64709999999999
71 19.9358
72 20.212600000000005
73 20.498300000000004
74 20.783199999999972
75 21.055000000000003
76 21.325500000000005
77 21.612300000000022
78 21.898400000000006
79 22.186100000000025
80 22.47239999999998
81 22.761099999999995
82 23.03960000000002
83 23.326500000000017
84 23.602500000000003
85 23.893099999999997
86 24.17570000000001
87 24.45760000000001
88 24.7267
89 25.010099999999994
90 25.290000000000013
91 25.572999999999986
92 25.8523
93 26.1453
94 26.432900000000007
95 26.722299999999994
96 26.996600000000033
97 27.2781
98 27.56009999999997
99 27.84560000000001
100 28.12400000000004
101 28.399399999999996
102 28.67399999999996
103 28.957599999999978
104 29.24379999999999
105 29.525499999999997
106 29.808500000000052
107 30.0896
108 30.365799999999975
109 30.643099999999997
110 30.92379999999997
111 31.21379999999999
112 31.50680000000003
113 31.802600000000023
114 32.08279999999999
115 32.37320000000001
116 32.65670000000003
117 32.93639999999995
118 33.21829999999997
119 33.50620000000002
120 33.79339999999999
121 34.0804
122 34.366600000000005
123 34.64820000000001
124 34.93230000000003
125 35.219500000000025
126 35.51150000000002
127 35.794499999999985
128 36.07429999999999
129 36.35919999999999
130 36.64839999999996
131 36.92660000000004
132 37.21230000000002
133 37.4941
134 37.77720000000003
135 38.05199999999999
136 38.33939999999996
137 38.62249999999999
138 38.89839999999999
139 39.18470000000002
140 39.47810000000002
141 39.76710000000001
142 40.05570000000003
143 40.34699999999998
144 40.63769999999999
145 40.91310000000003
146 41.20370000000001
147 41.48650000000004
148 41.763899999999964
149 42.05359999999999
150 42.33920000000002
151 42.625199999999985
152 42.909
153 43.19280000000002
154 43.47570000000004
155 43.75479999999999
156 44.0459
157 44.324199999999934
158 44.603300000000004
159 44.88480000000002
160 45.16009999999995
161 45.437099999999965
162 45.71300000000006
163 45.99930000000004
164 46.278500000000015
165 46.55979999999998
166 46.84859999999997
167 47.13889999999999
168 47.42180000000003
169 47.71430000000006
170 47.98299999999996
171 48.27199999999999
172 48.55339999999999
173 48.836
174 49.12490000000004
175 49.40520000000003
176 49.68669999999992
177 49.96549999999997
178 50.244099999999946
179 50.53289999999998
180 50.81609999999999
181 51.105700000000034
182 51.39170000000001
183 51.678799999999946
184 51.95970000000002
185 52.236099999999965
186 52.53070000000001
187 52.815300000000036
188 53.10149999999996
189 53.38550000000003
190 53.661200000000015
191 53.947099999999956
192 54.23750000000005
193 54.519000000000005
194 54.79999999999996
195 55.08710000000002
196 55.39239999999995
197 55.68000000000001
198 55.97409999999999
199 56.273400000000024
200 56.560899999999954
201 56.84030000000002
202 57.12379999999995
203 57.40859999999998
204 57.6864
205 57.97450000000003
206 58.25879999999996
207 58.54429999999996
208 58.809499999999986
209 59.09560000000004
210 59.39409999999996
211 59.68360000000007
212 59.96710000000007
213 60.249899999999975
214 60.53400000000003
215 60.82180000000002
216 61.09749999999997
217 61.383199999999924
218 61.66239999999996
219 61.9466
220 62.23569999999992
221 62.52179999999993
222 62.80519999999992
223 63.084399999999995
224 63.355000000000075
225 63.64049999999994
226 63.931200000000025
227 64.22240000000002
228 64.49610000000003
229 64.7884
230 65.08339999999995
231 65.36910000000002
232 65.63610000000004
233 65.91169999999997
234 66.18420000000002
235 66.46009999999995
236 66.7418000000001
237 67.02359999999997
238 67.3099999999999
239 67.5953
240 67.87530000000002
241 68.16290000000009
242 68.45179999999989
243 68.73570000000005
244 69.02159999999999
245 69.30680000000002
246 69.59720000000004
247 69.88329999999996
248 70.17140000000003
249 70.45819999999999
250 70.74369999999988
251 71.00959999999993
252 71.28810000000003
253 71.56609999999998
254 71.84760000000003
255 72.12110000000018
256 72.39419999999997
257 72.67319999999991
258 72.95339999999997
259 73.23779999999995
260 73.52239999999999
261 73.80529999999997
262 74.09079999999996
263 74.37460000000003
264 74.66530000000004
265 74.94579999999996
266 75.23119999999996
267 75.5240999999999
268 75.80080000000012
269 76.0799
270 76.35929999999998
271 76.65529999999998
272 76.94580000000009
273 77.2255999999999
274 77.50570000000005
275 77.79419999999995
276 78.08349999999997
277 78.35429999999995
278 78.63650000000015
279 78.9273
280 79.2088
281 79.4781000000002
282 79.75490000000002
283 80.02680000000008
284 80.28609999999999
285 80.57459999999998
286 80.86550000000003
287 81.1515
288 81.4395
289 81.73000000000003
290 82.00429999999994
291 82.26869999999998
292 82.53860000000006
293 82.82650000000001
294 83.10119999999999
295 83.37759999999997
296 83.67209999999996
297 83.9521999999999
298 84.24039999999994
299 84.52039999999992
300 84.81220000000003
301 85.10119999999996
302 85.38580000000015
303 85.66479999999994
304 85.95089999999996
305 86.2186
306 86.50149999999995
307 86.7755000000001
308 87.04860000000006
309 87.32340000000002
310 87.62029999999994
311 87.90740000000005
312 88.17980000000007
313 88.46599999999984
314 88.7564
315 89.0394
316 89.32210000000005
317 89.6147
318 89.88619999999997
319 90.17800000000004
320 90.45650000000005
321 90.74160000000002
322 91.02210000000007
323 91.3043000000001
324 91.58109999999998
325 91.87659999999988
326 92.16840000000002
327 92.4554
328 92.748
329 93.0389
330 93.33569999999987
331 93.62429999999996
332 93.90289999999999
333 94.19569999999997
334 94.48390000000019
335 94.76560000000008
336 95.05170000000004
337 95.33849999999995
338 95.6282
339 95.92219999999986
340 96.20700000000001
341 96.48480000000006
342 96.77239999999993
343 97.04390000000006
344 97.32039999999989
345 97.59460000000007
346 97.88920000000003
347 98.16510000000007
348 98.44699999999993
349 98.72909999999999
350 99.01030000000004
351 99.28870000000003
352 99.56380000000007
353 99.83649999999987
354 100.12400000000007
355 100.41590000000008
356 100.68589999999989
357 100.9694000000001
358 101.24180000000003
359 101.52289999999986
360 101.80450000000006
361 102.08800000000001
362 102.37140000000005
363 102.65350000000004
364 102.93240000000007
365 103.20739999999995
366 103.4865
367 103.77369999999999
368 104.04640000000008
369 104.33459999999994
370 104.62689999999986
371 104.90740000000004
372 105.19769999999995
373 105.4687
374 105.75390000000003
375 106.02950000000013
376 106.31950000000008
377 106.60700000000004
378 106.90450000000001
379 107.19249999999995
380 107.49119999999995
381 107.78470000000009
382 108.06620000000001
383 108.36210000000004
384 108.65279999999987
385 108.92980000000007
386 109.21620000000004
387 109.49990000000001
388 109.79400000000003
389 110.0707
390 110.35910000000014
391 110.64550000000003
392 110.92740000000015
393 111.20220000000005
394 111.48519999999999
395 111.76260000000018
396 112.04720000000016
397 112.33300000000003
398 112.62519999999995
399 112.91719999999991
400 113.20040000000004
401 113.47600000000007
402 113.7571
403 114.02870000000004
404 114.31450000000001
405 114.59960000000018
406 114.88780000000003
407 115.17409999999998
408 115.46159999999996
409 115.72550000000005
410 116.00160000000005
411 116.27990000000011
412 116.55869999999983
413 116.83790000000008
414 117.11610000000007
415 117.38349999999987
416 117.6521
417 117.93460000000003
418 118.21870000000003
419 118.4940000000001
420 118.77779999999997
421 119.06429999999996
422 119.35349999999998
423 119.63309999999993
424 119.90799999999983
425 120.17689999999999
426 120.46040000000005
427 120.73790000000004
428 121.02649999999996
429 121.31160000000013
430 121.60109999999995
431 121.87829999999997
432 122.15969999999987
433 122.44279999999999
434 122.7237
435 123.01509999999993
436 123.29470000000009
437 123.59239999999998
438 123.88629999999996
439 124.17680000000004
440 124.46580000000006
441 124.74589999999999
442 125.0207
443 125.29870000000001
444 125.57810000000015
445 125.86459999999997
446 126.15440000000005
447 126.42540000000002
448 126.71170000000008
449 126.99090000000001
450 127.28330000000004
451 127.55250000000004
452 127.83999999999993
453 128.13150000000013
454 128.40739999999988
455 128.6943
456 128.9773999999999
457 129.26089999999996
458 129.54839999999993
459 129.82659999999993
460 130.11069999999998
461 130.3952
462 130.68950000000007
463 130.96310000000003
464 131.24860000000007
465 131.5244
466 131.80029999999996
467 132.09199999999998
468 132.36860000000001
469 132.6563999999999
470 132.94639999999993
471 133.22320000000008
472 133.50560000000013
473 133.79419999999996
474 134.08710000000002
475 134.37380000000013
476 134.64899999999994
477 134.93079999999992
478 135.20629999999986
479 135.4832000000001
480 135.7667999999999
481 136.04179999999997
482 136.31640000000013
483 136.58550000000017
484 136.85580000000004
485 137.13170000000008
486 137.41899999999978
487 137.6996000000002
488 137.97270000000003
489 138.25720000000007
490 138.54309999999998
491 138.80850000000012
492 139.09389999999993
493 139.36609999999993
494 139.63140000000016
495 139.9241
496 140.19520000000006
497 140.46490000000017
498 140.7421
499 141.01999999999992
500 141.28809999999993
501 141.5653
502 141.8449000000001
503 142.12320000000003
504 142.39399999999986
505 142.67039999999992
506 142.9477000000002
507 143.21600000000004
508 143.48749999999995
509 143.76140000000004
510 144.0325000000001
511 144.31519999999975
512 144.5916000000001
513 144.86299999999994
514 145.13179999999994
515 145.4145
516 145.68869999999998
517 145.96519999999992
518 146.24099999999996
519 146.5114000000001
520 146.7885
521 147.06119999999999
522 147.3311000000001
523 147.59959999999992
524 147.86910000000003
525 148.1518999999999
526 148.4268999999999
527 148.69850000000005
528 148.97209999999998
529 149.2438999999998
530 149.5219999999999
531 149.81240000000017
532 150.07959999999994
533 150.3621
534 150.62969999999999
535 150.90589999999997
536 151.17790000000008
537 151.45139999999995
538 151.723
539 151.99059999999994
540 152.25229999999982
541 152.5219000000002
542 152.7909000000002
543 153.05749999999998
544 153.32790000000003
545 153.59650000000005
546 153.87110000000007
547 154.13479999999996
548 154.39819999999997
549 154.67230000000004
550 154.93110000000001
551 155.18750000000003
552 155.45369999999988
553 155.72369999999995
554 155.9929
555 156.26560000000003
556 156.5326
557 156.79629999999995
558 157.0592000000002
559 157.32810000000006
560 157.5889
561 157.84880000000007
562 158.10730000000015
563 158.37330000000026
564 158.63910000000018
565 158.90310000000005
566 159.14950000000033
567 159.42130000000003
568 159.6902
569 159.958
570 160.21430000000018
571 160.4660000000001
572 160.7202000000001
573 160.9717000000001
574 161.22860000000009
575 161.48529999999988
576 161.74579999999992
577 162.0042000000001
578 162.25870000000012
579 162.51639999999992
580 162.77420000000026
581 163.02709999999996
582 163.27610000000007
583 163.52539999999996
584 163.78220000000013
585 164.03110000000015
586 164.28729999999996
587 164.55040000000005
588 164.80310000000023
589 165.05810000000014
590 165.31920000000028
591 165.57779999999994
592 165.82910000000004
593 166.08369999999994
594 166.33900000000006
595 166.58870000000007
596 166.83369999999988
597 167.08210000000003
598 167.3169000000002
599 167.55809999999994
600 167.80390000000014
601 168.05559999999986
602 168.2960000000003
603 168.53889999999961
604 168.7751
605 169.00939999999994
606 169.24730000000005
607 169.48609999999996
608 169.73440000000005
609 169.97940000000003
610 170.2251
611 170.46999999999997
612 170.70889999999994
613 170.95100000000008
614 171.17630000000014
615 171.41719999999987
616 171.65799999999993
617 171.89830000000012
618 172.13830000000016
619 172.36649999999983
620 172.59769999999995
621 172.8296
622 173.07329999999996
623 173.31910000000033
624 173.5542999999999
625 173.78740000000005
626 174.0170999999999
627 174.25870000000012
628 174.4971999999999
629 174.72689999999983
630 174.96060000000003
631 175.19880000000026
632 175.4255
633 175.6407999999998
634 175.86089999999993
635 176.09079999999983
636 176.3115000000001
637 176.53920000000005
638 176.76670000000001
639 176.9808999999999
640 177.2071999999999
641 177.41860000000005
642 177.6502999999999
643 177.87060000000002
644 178.08329999999995
645 178.30140000000003
646 178.5247
647 178.74719999999968
648 178.97539999999987
649 179.20559999999978
650 179.43059999999986
651 179.65219999999994
652 179.86710000000016
653 180.0934000000001
654 180.31799999999987
655 180.53029999999984
656 180.74609999999987
657 180.96369999999985
658 181.19070000000008
659 181.40659999999994
660 181.62929999999983
661 181.84249999999975
662 182.0588000000001
663 182.28369999999984
664 182.48750000000004
665 182.69339999999974
666 182.89650000000003
667 183.1084999999999
668 183.30629999999994
669 183.50620000000012
670 183.71369999999982
671 183.92129999999983
672 184.1316999999998
673 184.34669999999983
674 184.55340000000004
675 184.75639999999984
676 184.97239999999968
677 185.1752999999999
678 185.39269999999985
679 185.60359999999977
680 185.80199999999988
681 185.99749999999983
682 186.20359999999994
683 186.40799999999987
684 186.60819999999993
685 186.8084999999998
686 187.0088
687 187.2008
688 187.39139999999995
689 187.58509999999984
690 187.77739999999994
691 187.97570000000007
692 188.17269999999988
693 188.36110000000005
694 188.5542000000001
695 188.74499999999983
696 188.9356999999999
697 189.14260000000007
698 189.33440000000004
699 189.52129999999988
700 189.72060000000013
701 189.9113
702 190.11120000000008
703 190.30039999999988
704 190.49119999999985
705 190.68190000000004
706 190.8815
707 191.0754
708 191.27509999999992
709 191.46419999999998
710 191.65399999999988
711 191.84310000000002
712 192.03699999999995
713 192.2341999999999
714 192.42709999999997
715 192.6155
716 192.81429999999997
717 192.99929999999992
718 193.18759999999986
719 193.36669999999998
720 193.54629999999995
721 193.7230000000001
722 193.89739999999992
723 194.07390000000015
724 194.25289999999998
725 194.43450000000018
726 194.61519999999987
727 194.80090000000007
728 194.98430000000013
729 195.1629000000001
730 195.33900000000006
731 195.52059999999992
732 195.7054999999997
733 195.88110000000015
734 196.06079999999994
735 196.2342000000001
