0 0.0
1 0.354099999999997
2 0.708700000000001
3 1.1048000000000007
4 1.5030999999999992
5 1.905400000000002
6 2.3079999999999967
7 2.7163000000000017
8 3.1416999999999997
9 3.5446999999999966
10 3.9519000000000006
11 4.370099999999999
12 4.780300000000005
13 5.1822
14 5.586299999999997
15 5.991
16 6.391399999999989
17 6.785700000000002
18 7.192599999999996
19 7.606199999999997
20 7.999299999999998
21 8.409000000000013
22 8.80880000000001
23 9.21570000000001
24 9.62539999999999
25 10.03760000000001
26 10.445800000000013
27 10.849000000000014
28 11.261099999999995
29 11.679399999999976
30 12.081900000000003
31 12.490600000000013
32 12.89419999999999
33 13.305900000000019
34 13.707500000000005
35 14.113499999999986
36 14.508099999999974
37 14.918899999999997
38 15.332799999999999
39 15.738600000000005
40 16.14860000000001
41 16.56929999999999
42 16.966900000000013
43 17.3622
44 17.76100000000001
45 18.171699999999973
46 18.57909999999997
47 18.98359999999996
48 19.389599999999994
49 19.791600000000003
50 20.20930000000001
51 20.621500000000005
52 21.042800000000003
53 21.46610000000002
54 21.875200000000042
55 22.284599999999987
56 22.696399999999997
57 23.091499999999968
58 23.509100000000018
59 23.918700000000065
60 24.333700000000015
61 24.741700000000044
62 25.15260000000001
63 25.54540000000001
64 25.953800000000037
65 26.367800000000024
66 26.782700000000006
67 27.19179999999998
68 27.6013
69 28.0051
70 28.41569999999998
71 28.834399999999953
72 29.235300000000027
73 29.648600000000048
74 30.061099999999993
75 30.454200000000004
76 30.851999999999986
77 31.27400000000003
78 31.68640000000003
79 32.093700000000034
80 32.509699999999974
81 32.91829999999998
82 33.32359999999999
83 33.73160000000006
84 34.145499999999984
85 34.566099999999985
86 34.974900000000055
87 35.38440000000002
88 35.77870000000001
89 36.18009999999997
90 36.58570000000002
91 36.98259999999995
92 37.388899999999964
93 37.80420000000002
94 38.21670000000008
95 38.63450000000001
96 39.041500000000006
97 39.44139999999999
98 39.845599999999955
99 40.2516
100 40.649399999999986
101 41.051099999999984
102 41.455799999999975
103 41.85900000000001
104 42.26200000000003
105 42.662500000000065
106 43.074300000000086
107 43.48490000000001
108 43.887199999999986
109 44.29350000000009
110 44.6974
111 45.105699999999956
112 45.520200000000024
113 45.94100000000009
114 46.35230000000008
115 46.76460000000005
116 47.16720000000007
117 47.580500000000015
118 47.998800000000045
119 48.41540000000009
120 48.8258999999999
121 49.24459999999986
122 49.65670000000001
123 50.077499999999986
124 50.480500000000085
125 50.891700000000135
126 51.308100000000096
127 51.72269999999998
128 52.130700000000054
129 52.54750000000006
130 52.9596
131 53.37240000000007
132 53.78520000000001
133 54.2005
134 54.603800000000106
135 54.998799999999946
136 55.419799999999995
137 55.825600000000016
138 56.23189999999994
139 56.64740000000005
140 57.068599999999954
141 57.48359999999996
142 57.89510000000006
143 58.31330000000004
144 58.7343
145 59.130900000000075
146 59.54650000000004
147 59.95910000000007
148 60.356
149 60.76649999999995
150 61.16880000000004
151 61.580799999999954
152 61.98849999999994
153 62.40530000000006
154 62.818400000000025
155 63.223400000000034
156 63.63989999999999
157 64.04439999999992
158 64.45460000000001
159 64.85319999999997
160 65.26179999999995
161 65.67139999999998
162 66.0849000000001
163 66.5008
164 66.903
165 67.30729999999996
166 67.70909999999994
167 68.12500000000003
168 68.529
169 68.95090000000008
170 69.34689999999998
171 69.77129999999997
172 70.18020000000006
173 70.59150000000001
174 71.00640000000008
175 71.41359999999996
176 71.81919999999991
177 72.23769999999986
178 72.65169999999982
179 73.0679999999998
180 73.47789999999992
181 73.89220000000006
182 74.30750000000009
183 74.71380000000002
184 75.12120000000002
185 75.53739999999993
186 75.95420000000013
187 76.36379999999997
188 76.78189999999991
189 77.19660000000003
190 77.59339999999996
191 78.00929999999993
192 78.42600000000007
193 78.83779999999994
194 79.24719999999999
195 79.66900000000003
196 80.10639999999991
197 80.52350000000004
198 80.94619999999995
199 81.3661999999999
200 81.77689999999987
201 82.17739999999988
202 82.58630000000005
203 82.9958999999998
204 83.39239999999998
205 83.79640000000016
206 84.19369999999995
207 84.61459999999992
208 85.00340000000013
209 85.41349999999996
210 85.8405
211 86.26120000000017
212 86.66960000000016
213 87.07349999999985
214 87.48339999999986
215 87.90919999999993
216 88.30949999999993
217 88.70909999999998
218 89.11639999999997
219 89.53070000000002
220 89.94569999999979
221 90.36159999999995
222 90.7756999999999
223 91.18050000000004
224 91.58540000000006
225 91.99289999999978
226 92.41220000000011
227 92.84270000000011
228 93.24400000000007
229 93.66440000000004
230 94.0917
231 94.50130000000006
232 94.89009999999999
233 95.29269999999984
234 95.69150000000013
235 96.09499999999993
236 96.50929999999997
237 96.92479999999999
238 97.3292999999999
239 97.74270000000008
240 98.15540000000006
241 98.56500000000005
242 98.9834999999998
243 99.39550000000004
244 99.8100999999999
245 100.22129999999997
246 100.63400000000003
247 101.0577
248 101.46849999999998
249 101.88899999999998
250 102.29429999999985
251 102.68450000000003
252 103.08249999999992
253 103.4819000000002
254 103.89480000000006
255 104.28710000000032
256 104.68140000000004
257 105.08849999999997
258 105.4918000000001
259 105.91399999999994
260 106.33149999999992
261 106.74010000000011
262 107.15560000000002
263 107.57190000000003
264 107.99720000000005
265 108.40819999999995
266 108.82689999999994
267 109.246
268 109.65200000000019
269 110.05470000000004
270 110.45839999999991
271 110.88849999999996
272 111.3021000000001
273 111.71029999999989
274 112.11720000000003
275 112.5308
276 112.95049999999999
277 113.35500000000006
278 113.75880000000005
279 114.18299999999988
280 114.59069999999993
281 114.99110000000024
282 115.38620000000012
283 115.77970000000013
284 116.17880000000001
285 116.60449999999994
286 117.0192000000002
287 117.4358000000001
288 117.85790000000011
289 118.2764
290 118.67299999999989
291 119.06520000000002
292 119.45660000000007
293 119.87399999999991
294 120.27829999999993
295 120.67569999999996
296 121.09899999999996
297 121.49419999999986
298 121.91759999999975
299 122.31720000000003
300 122.73420000000007
301 123.15069999999996
302 123.56889999999997
303 123.96909999999997
304 124.38039999999997
305 124.77859999999998
306 125.19349999999983
307 125.5923
308 126.00680000000014
309 126.40660000000013
310 126.83370000000002
311 127.24789999999987
312 127.64019999999985
313 128.04409999999973
314 128.46260000000007
315 128.8611
316 129.2669000000001
317 129.68470000000008
318 130.08429999999996
319 130.50050000000005
320 130.9094000000001
321 131.32549999999995
322 131.74000000000004
323 132.14510000000004
324 132.55660000000012
325 132.98239999999979
326 133.39499999999987
327 133.80579999999998
328 134.22309999999996
329 134.6377
330 135.0652999999997
331 135.47820000000004
332 135.88600000000017
333 136.30339999999998
334 136.71050000000017
335 137.13089999999997
336 137.53919999999997
337 137.9542
338 138.36910000000006
339 138.7896999999999
340 139.21260000000015
341 139.6185
342 140.03939999999992
343 140.44320000000005
344 140.86259999999976
345 141.26450000000017
346 141.68460000000005
347 142.08130000000025
348 142.4933999999999
349 142.90559999999985
350 143.31490000000005
351 143.73099999999997
352 144.12830000000017
353 144.52969999999996
354 144.94870000000014
355 145.36909999999995
356 145.76839999999993
357 146.17750000000007
358 146.57119999999992
359 146.98620000000025
360 147.39640000000028
361 147.81210000000019
362 148.2240000000001
363 148.62820000000005
364 149.0425000000002
365 149.44670000000013
366 149.85559999999995
367 150.26800000000017
368 150.66950000000028
369 151.08930000000018
370 151.50490000000002
371 151.90680000000037
372 152.32739999999995
373 152.73330000000007
374 153.13939999999988
375 153.54840000000004
376 153.96969999999996
377 154.3833000000002
378 154.8085000000001
379 155.22769999999971
380 155.65979999999982
381 156.07279999999986
382 156.48539999999988
383 156.90179999999998
384 157.31609999999978
385 157.72969999999978
386 158.15249999999992
387 158.55930000000015
388 158.9874000000002
389 159.3855999999999
390 159.7978000000002
391 160.21250000000035
392 160.61730000000017
393 161.02219999999988
394 161.4315
395 161.8252000000001
396 162.23739999999995
397 162.64260000000007
398 163.05989999999977
399 163.47300000000016
400 163.88100000000023
401 164.28450000000015
402 164.68859999999992
403 165.0848000000002
404 165.50590000000014
405 165.92190000000005
406 166.35099999999994
407 166.76090000000002
408 167.17930000000024
409 167.5666
410 167.97729999999973
411 168.37479999999985
412 168.77800000000002
413 169.17940000000016
414 169.58320000000015
415 169.9741999999997
416 170.37249999999995
417 170.78219999999985
418 171.19539999999978
419 171.5889000000001
420 172.00199999999978
421 172.41460000000006
422 172.8254000000001
423 173.22559999999973
424 173.6310999999997
425 174.02240000000003
426 174.42930000000018
427 174.8366000000004
428 175.25839999999997
429 175.6662
430 176.08449999999993
431 176.49199999999973
432 176.8992999999998
433 177.30330000000004
434 177.70599999999965
435 178.11640000000006
436 178.51370000000028
437 178.93630000000022
438 179.35420000000013
439 179.76520000000048
440 180.17910000000037
441 180.58449999999982
442 180.9816
443 181.38539999999995
444 181.7768
445 182.18000000000006
446 182.58440000000007
447 182.98159999999982
448 183.40090000000026
449 183.8163000000001
450 184.24410000000015
451 184.64300000000011
452 185.05750000000015
453 185.46710000000024
454 185.8718999999997
455 186.28960000000018
456 186.6955999999999
457 187.1076000000002
458 187.52379999999994
459 187.92799999999983
460 188.3283999999999
461 188.74110000000005
462 189.16400000000013
463 189.5617999999998
464 189.9744
465 190.3794
466 190.78480000000002
467 191.20719999999986
468 191.5997999999998
469 192.00549999999993
470 192.4200999999995
471 192.82990000000035
472 193.23960000000025
473 193.65720000000016
474 194.07910000000018
475 194.49720000000016
476 194.90199999999996
477 195.30839999999978
478 195.70199999999988
479 196.1009999999998
480 196.50599999999997
481 196.91009999999977
482 197.31509999999997
483 197.71470000000036
484 198.11539999999997
485 198.52279999999985
486 198.93999999999969
487 199.34720000000007
488 199.74250000000023
489 200.14869999999993
490 200.56189999999995
491 200.95429999999985
492 201.36439999999982
493 201.756
494 202.15260000000004
495 202.57489999999984
496 202.97029999999992
497 203.37269999999972
498 203.7739999999999
499 204.18519999999967
500 204.58229999999978
501 204.9873999999999
502 205.3976000000001
503 205.80740000000046
504 206.2013
505 206.61229999999975
506 207.01580000000024
507 207.4163
508 207.81259999999975
509 208.20899999999992
510 208.60619999999994
511 209.02079999999947
512 209.4155000000001
513 209.81360000000032
514 210.2172
515 210.6330999999998
516 211.0380999999998
517 211.44489999999976
518 211.85179999999974
519 212.24100000000035
520 212.6481000000002
521 213.06280000000018
522 213.4515000000002
523 213.8550999999999
524 214.25159999999988
525 214.6634999999997
526 215.07200000000003
527 215.47230000000016
528 215.87199999999996
529 216.26499999999984
530 216.66710000000006
531 217.08790000000022
532 217.4796999999996
533 217.90050000000005
534 218.29860000000022
535 218.70550000000014
536 219.1029000000003
537 219.5041999999999
538 219.9036999999998
539 220.2974999999997
540 220.67509999999973
541 221.06790000000032
542 221.45710000000048
543 221.84369999999961
544 222.2356999999999
545 222.6336
546 223.02699999999993
547 223.40879999999976
548 223.80280000000005
549 224.20510000000004
550 224.5887999999996
551 224.9751999999998
552 225.37149999999983
553 225.76199999999977
554 226.14990000000026
555 226.5570000000002
556 226.94730000000024
557 227.34730000000002
558 227.73730000000015
559 228.13260000000002
560 228.52189999999956
561 228.90800000000033
562 229.28910000000025
563 229.67740000000015
564 230.07420000000016
565 230.46370000000016
566 230.84050000000036
567 231.2349999999998
568 231.6274999999999
569 232.0191000000001
570 232.39720000000023
571 232.77080000000007
572 233.1672000000002
573 233.54359999999994
574 233.92850000000024
575 234.31510000000011
576 234.70110000000014
577 235.08880000000025
578 235.47190000000032
579 235.86550000000037
580 236.25139999999993
581 236.62460000000002
582 236.99749999999992
583 237.36819999999975
584 237.75560000000033
585 238.13420000000036
586 238.50679999999966
587 238.88810000000018
588 239.26250000000024
589 239.64310000000046
590 240.02980000000017
591 240.4088999999997
592 240.7826000000001
593 241.1746999999999
594 241.55020000000007
595 241.9319
596 242.30819999999997
597 242.68380000000013
598 243.04680000000036
599 243.41610000000043
600 243.79660000000015
601 244.18319999999963
602 244.55210000000022
603 244.92049999999952
604 245.28910000000005
605 245.64589999999993
606 246.01069999999984
607 246.37240000000006
608 246.7424999999999
609 247.115
610 247.47650000000013
611 247.84479999999996
612 248.19939999999997
613 248.5685000000003
614 248.9173000000004
615 249.28679999999966
616 249.65449999999976
617 250.02620000000016
618 250.39150000000038
619 250.75549999999978
620 251.11579999999998
621 251.47750000000008
622 251.84540000000007
623 252.21330000000026
624 252.57299999999992
625 252.92290000000023
626 253.27199999999976
627 253.64170000000007
628 254.0092999999999
629 254.3627999999998
630 254.7176000000004
631 255.0927000000003
632 255.44729999999984
633 255.7796999999999
634 256.1213000000002
635 256.47559999999993
636 256.8276
637 257.1859
638 257.5380000000002
639 257.8810000000002
640 258.2294000000004
641 258.56890000000027
642 258.9293999999999
643 259.2772
644 259.6152
645 259.95999999999987
646 260.31270000000023
647 260.6655999999999
648 261.0118999999998
649 261.37459999999953
650 261.7236999999998
651 262.0724999999994
652 262.41320000000013
653 262.76990000000023
654 263.119
655 263.45939999999996
656 263.80339999999956
657 264.15429999999964
658 264.5090000000003
659 264.8628
660 265.22919999999993
661 265.5722999999996
662 265.9219000000001
663 266.27160000000003
664 266.6038000000002
665 266.9396
666 267.26920000000007
667 267.61310000000014
668 267.9348000000001
669 268.2704000000001
670 268.6099999999999
671 268.9443000000001
672 269.2729000000002
673 269.6089999999996
674 269.9487000000003
675 270.27689999999967
676 270.6213999999996
677 270.9490999999999
678 271.2965999999998
679 271.63749999999993
680 271.95430000000016
681 272.27369999999985
682 272.60499999999985
683 272.94059999999996
684 273.2692999999999
685 273.5908999999996
686 273.9125
687 274.23380000000026
688 274.5472000000002
689 274.8649999999998
690 275.18210000000005
691 275.5146999999999
692 275.8283000000001
693 276.1368000000001
694 276.4459999999998
695 276.7662000000002
696 277.06940000000003
697 277.4042000000002
698 277.7212000000001
699 278.03749999999957
700 278.35880000000003
701 278.66829999999993
702 278.9958
703 279.31060000000053
704 279.62469999999985
705 279.9375000000002
706 280.2609000000001
707 280.57639999999986
708 280.89600000000013
709 281.21240000000046
710 281.5245999999998
711 281.83829999999995
712 282.14920000000023
713 282.4773999999998
714 282.8024999999999
715 283.12600000000003
716 283.4491999999998
717 283.7601999999997
718 284.0746999999999
719 284.3793999999998
720 284.6815999999998
721 284.98429999999996
722 285.2779999999998
723 285.5758000000003
724 285.88040000000007
725 286.18150000000014
726 286.4858999999997
727 286.7946999999996
728 287.0987999999997
729 287.39220000000006
730 287.6842000000001
731 287.9900999999998
732 288.31120000000016
733 288.61610000000013
734 288.91769999999985
735 289.2211000000001
736 289.5195999999998
737 289.8199000000001
738 290.1288999999999
739 290.41669999999937
740 290.7107999999999
741 291.0144999999993
742 291.29909999999967
743 291.5893000000001
744 291.8796000000004
745 292.18640000000033
746 292.48299999999983
747 292.77489999999995
748 293.06840000000005
749 293.34620000000024
750 293.6378999999999
751 293.9209999999999
752 294.21000000000004
753 294.4968
754 294.79529999999994
755 295.0800000000002
756 295.3670999999994
757 295.6641000000002
758 295.9496
759 296.23879999999974
760 296.5377999999998
761 296.82230000000015
762 297.10979999999995
763 297.4083000000003
764 297.69459999999987
765 297.9938999999998
766 298.2906000000002
767 298.58059999999983
768 298.86639999999954
769 299.15270000000015
770 299.44450000000046
771 299.7359000000001
772 300.02370000000013
773 300.3183
774 300.6101999999999
775 300.89590000000004
776 301.18670000000037
777 301.46569999999963
778 301.7487999999998
779 302.0393000000002
780 302.31480000000045
781 302.6065
782 302.88699999999983
783 303.16929999999957
784 303.45689999999917
785 303.7313999999999
786 304.02209999999957
787 304.3099999999999
788 304.5850999999997
789 304.8566000000002
790 305.12549999999953
791 305.3931000000001
792 305.66940000000045
793 305.9392000000002
794 306.2068999999997
795 306.47109999999975
796 306.73849999999965
797 307.00529999999947
798 307.28549999999996
799 307.5459999999996
800 307.8017000000002
801 308.0634000000002
802 308.32629999999995
803 308.6014000000002
804 308.8671
805 309.1351999999995
806 309.3926999999998
807 309.65049999999997
808 309.9032000000001
809 310.1598999999995
810 310.41979999999995
811 310.67290000000037
812 310.9515999999998
813 311.22989999999925
814 311.4933999999994
815 311.76439999999997
816 312.01849999999996
817 312.29089999999974
818 312.5426999999999
819 312.7983999999996
820 313.0621
821 313.31889999999976
822 313.5604999999996
823 313.8107999999998
824 314.0635
825 314.3105999999997
826 314.5722999999994
827 314.8207000000001
828 315.08719999999965
829 315.35600000000017
830 315.6159999999999
831 315.87710000000015
832 316.1272
833 316.3960999999994
834 316.6603999999993
835 316.9219000000001
836 317.16649999999976
837 317.4271999999999
838 317.68389999999965
839 317.9351999999999
840 318.1898999999996
841 318.4318999999995
842 318.68009999999936
843 318.9191999999997
844 319.16459999999984
845 319.40929999999935
846 319.65310000000005
847 319.9032999999998
848 320.1496999999998
849 320.39389999999986
850 320.64660000000026
851 320.8982999999999
852 321.13529999999963
853 321.37419999999935
854 321.6045999999996
855 321.8313
856 322.0730000000001
857 322.3089000000003
858 322.5478000000001
859 322.79049999999984
860 323.0326999999995
861 323.26629999999983
862 323.5078999999998
863 323.7643000000001
864 324.00639999999987
865 324.239
866 324.4787999999999
867 324.7167999999994
868 324.9574999999994
869 325.1831
870 325.4195999999998
871 325.6599999999997
872 325.8955999999997
873 326.1274999999999
874 326.3548999999999
875 326.5755999999999
876 326.80949999999973
877 327.03809999999964
878 327.2760999999999
879 327.50620000000004
880 327.7229999999998
881 327.9569999999998
882 328.1847999999997
883 328.4219999999995
884 328.64669999999984
885 328.88379999999967
886 329.1250999999997
887 329.35309999999987
888 329.59230000000036
889 329.8167000000001
890 330.04339999999974
891 330.2735999999997
892 330.4968999999997
893 330.7163999999998
894 330.9410999999997
895 331.17199999999974
896 331.3991999999998
897 331.63279999999963
898 331.8582999999997
899 332.07779999999985
900 332.30539999999985
901 332.5179999999999
902 332.7351
903 332.96019999999953
904 333.1791999999997
905 333.39410000000015
906 333.6108999999998
907 333.8277999999999
908 334.0358999999998
909 334.24669999999963
910 334.4653999999998
911 334.68209999999965
912 334.8973999999999
913 335.1173000000002
914 335.3441999999997
915 335.5601000000001
916 335.78319999999985
917 335.9933999999998
918 336.20579999999984
919 336.41779999999983
920 336.6278000000001
921 336.82549999999975
922 337.0322999999994
923 337.23539999999986
924 337.43479999999954
925 337.63749999999965
926 337.84129999999914
927 338.0445999999994
928 338.2533999999997
929 338.4682999999992
930 338.67059999999896
931 338.8785999999997
932 339.0885999999996
933 339.29839999999945
934 339.5026
935 339.7089999999998
936 339.90849999999995
937 340.1149000000004
938 340.32099999999986
939 340.5217999999998
940 340.7204999999998
941 340.92589999999973
942 341.13269999999983
943 341.3375999999995
944 341.5425999999998
945 341.73939999999993
946 341.9387000000001
947 342.1411999999998
948 342.3393999999998
949 342.53840000000014
950 342.73269999999974
951 342.93819999999937
952 343.14099999999996
953 343.3552999999995
954 343.5553999999994
955 343.75709999999987
956 343.9585999999995
957 344.1569999999995
958 344.36039999999986
959 344.56909999999993
960 344.7678999999997
961 344.9727999999995
962 345.1735999999997
963 345.37979999999976
964 345.57890000000026
965 345.77340000000015
966 345.96610000000004
967 346.1616999999998
968 346.3556999999999
969 346.5453999999997
970 346.74099999999953
971 346.9418999999998
972 347.13619999999935
973 347.3239999999998
974 347.5046000000001
975 347.7026000000001
976 347.89429999999993
977 348.0939999999995
978 348.28679999999946
979 348.4761999999995
980 348.6697999999998
981 348.8582999999996
982 349.03530000000006
983 349.23049999999984
984 349.42179999999996
985 349.61169999999964
986 349.7897000000002
987 349.9735999999999
988 350.1590999999995
989 350.3474999999999
990 350.53909999999945
991 350.72989999999976
992 350.9191
993 351.09889999999996
994 351.28279999999955
995 351.46619999999996
996 351.647
997 351.8337999999996
998 352.00649999999996
999 352.1882999999997
1000 352.36909999999955
1001 352.5522999999993
1002 352.7352999999992
1003 352.9127999999999
1004 353.0970999999995
1005 353.27299999999923
1006 353.4564999999996
1007 353.64349999999985
1008 353.83299999999946
1009 354.0035999999996
1010 354.1842999999998
1011 354.3774999999995
1012 354.55019999999945
1013 354.7209999999996
1014 354.90059999999954
1015 355.0773999999998
1016 355.25489999999957
1017 355.431599999999
1018 355.6084999999993
1019 355.7801999999996
1020 355.9682999999994
1021 356.1415999999991
1022 356.31039999999956
1023 356.47699999999935
1024 356.6444999999997
1025 356.8095999999995
1026 356.9921999999987
1027 357.1559999999987
1028 357.3304999999991
1029 357.50809999999893
1030 357.68169999999907
1031 357.86869999999954
1032 358.0402999999993
1033 358.21769999999935
1034 358.3940999999993
1035 358.5646999999993
1036 358.7287999999989
1037 358.8962999999992
1038 359.06089999999966
1039 359.2314999999992
1040 359.38849999999917
1041 359.55859999999905
1042 359.72649999999936
1043 359.89879999999954
1044 360.06639999999925
1045 360.2417999999996
1046 360.4011999999993
1047 360.5633999999993
1048 360.7229999999991
1049 360.88679999999914
1050 361.04989999999924
1051 361.21419999999927
1052 361.36749999999915
1053 361.5208999999994
1054 361.68889999999953
1055 361.85129999999936
1056 362.0075999999996
1057 362.15979999999905
1058 362.3179999999991
1059 362.4716999999988
1060 362.6277999999993
1061 362.7878999999992
1062 362.9519999999992
1063 363.1126999999988
1064 363.26859999999857
1065 363.41499999999866
1066 363.5790999999986
1067 363.7398999999988
1068 363.8965999999987
1069 364.05289999999917
1070 364.21099999999876
1071 364.3728999999992
1072 364.5254999999993
1073 364.67149999999964
1074 364.8270999999991
1075 364.9817999999992
1076 365.13179999999915
1077 365.30199999999917
1078 365.45769999999874
1079 365.6126999999992
1080 365.7602999999993
1081 365.90839999999935
1082 366.0584999999994
1083 366.2103999999989
1084 366.36659999999915
1085 366.517099999999
1086 366.6698999999989
