40.07507507507508
39.98868868868869
40.08028028028028
40.04574574574575
40.010010010010014
39.9943943943944
40.02792792792793
40.043243243243246
39.965965965965964
39.988488488488485
39.91871871871872
39.91621621621621
39.80740740740741
39.86866866866867
39.95785785785786
39.90620620620621
39.988488488488485
40.057357357357354
39.93003003003003
39.93053053053053
40.08078078078078
39.9970970970971
40.11051051051051
39.93753753753754
39.894494494494495
40.15145145145145
39.93793793793794
39.737037037037034
39.95165165165165
40.00790790790791
40.03933933933934
39.95325325325325
40.01831831831832
40.22842842842843
39.97967967967968
40.07127127127127
40.135735735735736
39.99069069069069
39.810310310310314
40.044944944944945
40.201001001001
40.04834834834835
40.037337337337334
40.04784784784785
40.172172172172175
40.00730730730731
39.943743743743745
40.10670670670671
39.98928928928929
39.95585585585586
39.85825825825826
39.871371371371374
40.05745745745746
39.87587587587588
39.97237237237237
39.897197197197194
39.92982982982983
40.102802802802806
40.06426426426427
39.94774774774775
40.133733733733735
40.07177177177177
39.97127127127127
40.14084084084084
40.02242242242242
39.94904904904905
39.97277277277277
39.95425425425425
39.94134134134134
40.01541541541542
39.96726726726727
39.977177177177175
40.074674674674675
40.014614614614615
40.021321321321324
40.07227227227227
40.06356356356356
40.072572572572575
39.988488488488485
39.92752752752753
40.05375375375375
39.844244244244244
39.904804804804805
39.87777777777778
39.88058058058058
39.75245245245245
39.90850850850851
39.882582582582586
40.04144144144144
40.044444444444444
40.133233233233234
40.002802802802805
40.00820820820821
39.9013013013013
39.97217217217217
39.936036036036036
39.99629629629629
40.01181181181181
40.095795795795794
39.96616616616617
39.78608608608609
40.026926926926926
39.94574574574575
40.096296296296295
40.00610610610611
39.87067067067067
39.98308308308308
39.93533533533534
39.85785785785786
39.86866866866867
39.9948948948949
40.1009009009009
39.796396396396396
39.77627627627628
39.788788788788786
39.826326326326324
40.21761761761762
39.983183183183186
40.14944944944945
40.02452452452452
40.02152152152152
40.27367367367367
40.1051051051051
39.936036036036036
39.903703703703705
39.86346346346346
39.98508508508508
39.86866866866867
39.91961961961962
40.115215215215215
39.8995995995996
39.908408408408405
40.24374374374374
39.88918918918919
40.024824824824826
39.941741741741744
40.0055055055055
39.72212212212212
40.045445445445445
40.05645645645646
40.17077077077077
39.88558558558559
39.925925925925924
40.05375375375375
40.06216216216216
39.85835835835836
39.902202202202204
39.88018018018018
39.854354354354356
40.042742742742746
39.82282282282282
39.903803803803804
39.95475475475475
40.01431431431431
39.96236236236236
39.87127127127127
39.86846846846847
40.01701701701702
39.92702702702703
39.90720720720721
40.13443443443443
39.98928928928929
39.92982982982983
39.950950950950954
40.104904904904906
40.04764764764765
40.0954954954955
39.895995995995996
40.00730730730731
40.011011011011014
39.87307307307307
40.13303303303303
39.82842842842843
40.02962962962963
40.045445445445445
40.05715715715716
40.047447447447446
40.133733733733735
39.95525525525525
39.89619619619619
40.14004004004004
40.1997997997998
40.02792792792793
39.97857857857858
39.811811811811815
39.99279279279279
39.885185185185186
40.023223223223226
39.92232232232232
40.193793793793795
39.962762762762765
39.95005005005005
39.845245245245245
40.07707707707708
39.986486486486484
39.803603603603605
40.013613613613614
40.16166166166166
40.21521521521522
40.177977977977974
39.94654654654655
40.09129129129129
40.04124124124124
40.1004004004004
39.96046046046046
40.0017017017017
39.74214214214214
40.02172172172172
39.73033033033033
39.973473473473476
39.96006006006006
40.03173173173173
40.06576576576577
39.932432432432435
40.15355355355355
39.96196196196196
39.88108108108108
39.98568568568569
39.97537537537538
39.91981981981982
39.99229229229229
39.93853853853854
39.84384384384384
40.07917917917918
39.83563563563563
40.005905905905905
40.018218218218216
40.05095095095095
40.05945945945946
39.93893893893894
40.09489489489489
39.996696696696695
39.951451451451454
39.973073073073074
40.01191191191191
40.00930930930931
40.05165165165165
40.044844844844846
40.105505505505505
39.962762762762765
39.99629629629629
39.844144144144146
39.97907907907908
40.04994994994995
39.884284284284284
40.095695695695696
39.984884884884885
40.01921921921922
39.835435435435436
39.96186186186186
39.87197197197197
39.94464464464465
39.96756756756757
39.866766766766766
39.954554554554555
39.894994994994995
39.924824824824825
39.904704704704706
39.913413413413416
39.97837837837838
40.06006006006006
39.990990990990994
39.96926926926927
40.07487487487487
40.04584584584585
39.94604604604605
40.13943943943944
40.13763763763764
40.06316316316316
39.957757757757754
40.046546546546544
39.937237237237234
40.01231231231231
40.07947947947948
39.955055055055055
40.03863863863864
39.95635635635636
40.10970970970971
39.9007007007007
39.93473473473473
40.01631631631631
40.15555555555556
39.954054054054055
39.98358358358358
39.9024024024024
40.23963963963964
40.113713713713715
40.03643643643644
39.93383383383383
40.095995995996
39.97477477477477
40.23673673673674
40.03833833833834
40.15035035035035
39.97697697697698
39.74634634634635
39.878578578578576
40.06166166166166
39.88038038038038
40.17617617617618
39.876076076076075
39.93633633633634
39.92102102102102
39.9948948948949
39.79139139139139
39.894394394394396
39.902702702702705
39.91211211211211
40.01921921921922
40.03883883883884
40.149149149149146
39.79149149149149
39.96956956956957
40.04504504504504
40.010510510510514
40.132732732732734
40.06416416416416
39.984284284284286
39.93363363363363
39.844244244244244
39.88248248248248
39.98548548548548
40.1057057057057
40.01181181181181
40.04734734734735
40.247247247247245
39.96506506506506
39.96866866866867
39.95885885885886
40.0954954954955
40.10970970970971
39.81461461461461
39.95745745745746
40.03853853853854
39.9992992992993
40.08768768768769
39.97157157157157
40.024924924924925
40.02712712712713
40.124024024024024
40.11331331331331
39.92392392392392
39.92782782782783
39.97117117117117
39.932532532532534
39.84804804804805
39.90770770770771
39.93593593593594
40.054154154154155
39.98618618618619
39.952452452452455
39.82382382382382
39.95695695695696
40.025925925925925
39.93363363363363
39.94814814814815
39.78968968968969
40.12092092092092
40.02732732732733
39.78658658658659
39.97537537537538
40.05985985985986
39.95275275275275
39.99089089089089
39.96296296296296
40.12642642642643
39.80350350350351
40.2038038038038
39.96006006006006
40.06876876876877
40.05845845845846
39.81101101101101
39.80810810810811
39.92002002002002
40.12732732732733
39.98838838838839
40.126526526526526
39.84664664664665
40.096196196196196
40.05845845845846
40.11711711711712
40.08308308308308
39.97387387387387
39.92832832832833
39.94014014014014
40.223523523523525
39.98078078078078
40.15875875875876
40.066566566566564
40.065365365365366
39.84954954954955
39.945245245245246
39.97237237237237
39.92662662662663
39.94604604604605
39.76966966966967
39.87227227227227
39.96976976976977
40.14324324324324
40.04584584584585
39.827227227227226
40.05505505505506
40.077877877877874
39.97927927927928
39.83253253253253
39.8996996996997
39.896096096096095
40.02472472472473
40.10840840840841
39.98758758758759
40.13243243243243
39.92852852852853
39.98568568568569
39.97217217217217
40.11331331331331
39.82172172172172
40.026926926926926
39.86826826826827
39.85815815815816
39.98358358358358
39.89379379379379
40.146546546546546
39.838038038038036
39.844644644644646
40.08978978978979
39.8986986986987
39.98888888888889
39.98788788788789
39.96096096096096
40.005905905905905
40.10790790790791
39.914414414414416
40.115715715715716
40.17197197197197
40.13503503503504
40.0045045045045
39.965865865865865
39.8018018018018
40.093593593593596
39.8027027027027
39.94964964964965
40.13553553553554
40.06876876876877
39.933933933933936
39.94564564564565
40.269769769769766
39.7966966966967
40.15495495495495
40.046046046046044
39.94574574574575
39.867367367367365
40.045945945945945
40.11941941941942
39.96186186186186
40.05695695695696
40.1001001001001
39.893393393393396
40.018218218218216
40.1971971971972
39.86506506506507
39.995695695695694
40.09069069069069
39.916016016016016
39.86036036036036
39.83073073073073
40.105005005005005
40.03093093093093
40.011011011011014
40.148148148148145
40.12732732732733
40.026526526526524
39.84104104104104
39.892492492492494
40.11121121121121
40.00990990990991
39.94114114114114
39.88748748748749
40.00730730730731
39.994694694694694
40.15805805805806
40.1001001001001
39.871371371371374
39.98938938938939
40.08618618618619
39.98558558558558
39.87227227227227
39.9023023023023
39.7985985985986
39.75365365365365
39.86926926926927
39.91921921921922
40.072072072072075
40.1042042042042
39.82102102102102
39.95795795795796
39.82692692692693
40.11041041041041
40.12782782782783
39.93473473473473
40.00720720720721
39.94134134134134
39.830330330330334
39.97217217217217
40.004304304304306
40.071071071071074
39.96006006006006
40.05925925925926
40.25555555555555
40.107007007007006
40.0976976976977
39.96906906906907
40.063363363363365
40.10900900900901
39.94834834834835
40.06736736736737
40.175875875875874
39.96236236236236
39.912512512512514
39.8004004004004
40.0004004004004
39.81421421421422
40.12302302302302
40.06916916916917
40.174774774774775
39.92652652652653
40.08638638638639
39.94774774774775
39.99479479479479
39.8983983983984
39.97327327327327
39.873973973973975
39.96466466466467
39.86606606606607
40.06126126126126
40.13073073073073
39.84434434434434
39.89269269269269
39.809809809809806
39.93073073073073
40.02982982982983
40.03093093093093
40.04994994994995
40.04214214214214
40.02582582582583
39.87997997997998
40.05855855855856
40.173673673673676
40.010010010010014
39.8988988988989
40.004804804804806
39.823723723723724
39.84494494494494
40.13173173173173
40.104404404404406
40.004304304304306
40.11081081081081
40.1998998998999
40.18908908908909
39.9033033033033
39.97437437437438
39.93973973973974
40.09389389389389
39.92752752752753
40.02812812812813
40.0001001001001
40.04084084084084
39.943243243243245
39.917217217217214
39.9963963963964
39.81911911911912
40.07697697697698
40.01981981981982
39.84604604604605
39.812312312312315
39.983183183183186
40.1032032032032
39.85575575575576
40.086986986986986
39.97907907907908
40.00860860860861
40.0036036036036
40.01081081081081
40.006906906906906
39.90410410410411
39.868368368368365
40.02862862862863
39.916616616616615
40.226126126126125
40.09329329329329
40.14384384384385
40.173673673673676
39.867867867867865
39.83313313313313
39.99179179179179
40.04314314314314
40.045545545545544
39.834434434434435
39.95285285285285
40.03493493493494
40.031531531531535
39.946846846846846
40.03583583583583
40.01011011011011
40.126526526526526
39.93633633633634
39.98398398398398
39.93893893893894
39.92112112112112
40.057257257257255
39.93423423423423
39.947447447447445
39.95365365365365
40.24484484484484
40.05645645645646
40.0029029029029
39.986486486486484
40.11121121121121
40.125425425425426
39.98778778778779
39.95235235235235
39.91421421421421
40.03593593593594
39.80860860860861
40.12302302302302
39.974074074074075
39.87837837837838
39.847747747747746
39.826226226226225
39.98668668668669
39.96406406406406
40.15075075075075
39.876576576576575
40.06796796796797
40.08738738738739
40.03753753753754
39.97217217217217
39.91381381381381
39.95285285285285
40.03163163163163
40.05115115115115
40.090590590590594
40.23113113113113
39.853953953953955
39.9015015015015
40.128128128128125
40.004004004004
39.95155155155155
40.06306306306306
40.01191191191191
40.024324324324326
40.1016016016016
39.892992992992994
39.93493493493494
39.94084084084084
39.89099099099099
39.84564564564565
40.081381381381384
40.029529529529526
39.955155155155154
40.147547547547546
39.96786786786787
40.08098098098098
39.973973973973976
40.1036036036036
39.8997997997998
40.07397397397397
39.98618618618619
39.95065065065065
39.98608608608609
40.066066066066064
39.82792792792793
40.035735735735734
39.92622622622623
40.084984984984985
39.93223223223223
40.062262262262266
39.88138138138138
39.93323323323323
40.11991991991992
40.113713713713715
39.98498498498498
40.102902902902905
40.082782782782786
40.126126126126124
39.95745745745746
40.044844844844846
39.82662662662663
39.84394394394394
39.94294294294294
40.022822822822825
39.96756756756757
40.01951951951952
40.13843843843844
39.89079079079079
40.08528528528529
39.84384384384384
39.97577577577577
40.172672672672675
39.938638638638636
40.11291291291291
39.7004004004004
40.04864864864865
40.08098098098098
39.83693693693694
40.01281281281281
40.1017017017017
39.983283283283285
39.916716716716714
39.982182182182186
40.01341341341341
40.073073073073076
40.04024024024024
40.063263263263266
40.06776776776777
39.795495495495494
39.97997997997998
40.029029029029026
40.08918918918919
40.262462462462466
39.927927927927925
39.924224224224226
40.11841841841842
40.05995995995996
39.84274274274274
40.167567567567566
39.94674674674675
40.03763763763764
40.03813813813814
39.93203203203203
39.93133133133133
39.906406406406404
39.86956956956957
39.914514514514515
39.77617617617618
39.93383383383383
39.88338338338338
39.98498498498498
39.89369369369369
40.204004004004005
39.95185185185185
39.746246246246244
40.01181181181181
40.03963963963964
40.102002002002
40.027527527527525
39.93133133133133
40.042742742742746
40.117917917917914
40.11141141141141
40.166666666666664
40.18728728728729
39.98628628628629
40.032632632632634
39.8968968968969
40.01601601601602
40.11671671671672
39.92342342342342
40.00610610610611
40.082882882882885
40.051551551551555
39.94574574574575
40.06526526526527
40.085985985985985
39.93823823823824
40.11801801801802
39.95165165165165
39.97957957957958
39.984884884884885
39.82762762762763
39.906306306306305
39.975675675675674
40.07117117117117
39.92012012012012
40.03743743743744
39.97067067067067
40.07837837837838
40.15805805805806
39.945345345345345
39.973973973973976
40.28968968968969
39.95415415415415
40.02032032032032
40.06476476476477
40.02662662662663
40.056756756756755
39.85995995995996
40.1036036036036
40.14024024024024
40.256956956956955
39.91831831831832
40.004804804804806
40.17917917917918
40.00970970970971
39.9004004004004
39.84824824824825
40.0975975975976
39.93263263263263
39.981281281281284
40.07637637637637
39.94764764764765
40.06076076076076
40.1982982982983
39.93333333333333
40.04194194194194
40.14214214214214
40.014014014014016
40.105405405405406
40.13753753753754
39.981781781781784
39.8993993993994
40.21721721721722
40.01421421421421
40.06676676676677
40.13903903903904
39.874374374374376
40.04984984984985
39.96306306306306
40.04014014014014
39.972572572572574
40.02832832832833
40.15925925925926
39.94494494494494
40.02682682682683
39.98918918918919
39.921221221221224
39.9008008008008
40.036736736736735
39.92102102102102
40.073073073073076
40.22732732732733
39.92162162162162
40.142842842842846
40.19359359359359
40.06316316316316
39.90920920920921
39.847747747747746
40.11871871871872
40.07217217217217
40.08848848848849
40.06616616616617
40.01341341341341
40.16116116116116
39.82172172172172
39.91321321321321
39.934434434434436
40.02082082082082
39.931431431431434
39.92802802802803
40.08368368368368
40.11671671671672
40.127527527527526
40.01641641641642
40.16886886886887
39.92302302302302
39.94244244244244
40.12742742742743
40.08068068068068
40.03383383383383
40.125425425425426
39.852852852852855
39.93883883883884
39.865865865865864
39.849349349349346
39.9964964964965
40.03383383383383
39.82942942942943
39.86286286286286
39.98578578578579
40.161461461461464
40.215815815815816
40.052552552552555
39.97757757757758
40.007407407407406
39.967967967967965
39.861661661661664
40.07537537537537
39.902102102102106
40.178378378378376
40.11401401401402
39.945845845845845
39.867767767767766
40.03493493493494
39.923323323323324
40.07377377377377
40.02412412412412
40.07847847847848
39.937137137137135
40.062762762762766
39.81821821821822
40.070070070070074
39.996196196196195
39.995095095095095
40.076176176176176
40.08118118118118
40.038738738738736
39.84404404404405
39.86076076076076
40.14154154154154
40.04474474474475
40.054754754754754
39.976676676676675
39.908908908908906
40.084884884884886
40.08508508508508
40.07437437437437
39.862662662662665
40.054654654654655
40.383683683683685
40.02462462462462
39.948448448448445
40.04774774774775
39.93803803803804
40.051551551551555
40.01191191191191
40.12772772772773
39.97967967967968
40.01081081081081
39.97337337337337
39.88288288288288
39.94704704704705
40.11291291291291
39.99379379379379
39.97787787787788
39.91571571571571
40.113213213213214
39.996096096096096
40.061361361361364
39.87227227227227
39.94544544544544
40.17877877877878
39.96566566566567
39.92662662662663
39.993993993993996
40.057257257257255
39.923723723723725
39.87157157157157
39.868368368368365
40.06916916916917
40.10790790790791
40.00920920920921
40.205705705705704
39.90360360360361
40.073573573573576
40.01971971971972
39.909409409409406
39.74534534534534
40.05945945945946
39.913913913913916
40.07147147147147
40.012512512512515
40.14164164164164
40.02422422422423
39.96616616616617
39.950450450450454
39.99329329329329
40.06036036036036
40.05655655655656
39.81411411411411
39.96196196196196
39.86176176176176
40.06416416416416
40.016116116116116
40.02682682682683
39.98068068068068
40.11391391391391
40.04474474474475
40.2043043043043
39.95625625625625
40.02082082082082
39.79149149149149
39.693193193193196
40.174874874874874
39.94154154154154
39.910410410410414
40.007507507507505
40.101001001001
40.03023023023023
40.13073073073073
39.96036036036036
40.102002002002
40.048048048048045
40.0950950950951
39.97587587587588
39.96236236236236
39.86246246246246
40.15195195195195
39.96006006006006
40.173673673673676
39.943343343343344
39.81811811811812
39.94234234234234
39.909909909909906
39.82802802802803
40.1036036036036
39.91431431431432
39.95185185185185
39.93133133133133
40.109109109109106
39.90900900900901
40.144544544544544
