83
151
238
329
397
483
562
625
712
793
809
833
820
821
813
810
818
817
817
806
792
776
777
760
786
791
782
801
793
789
781
779
779
789
767
752
752
755
769
775
791
787
793
776
803
802
805
800
788
781
763
760
758
779
776
789
785
783
772
791
791
794
795
794
770
765
774
787
792
793
788
809
805
802
830
821
814
800
810
807
829
821
807
814
801
802
813
815
818
821
808
813
833
820
834
848
835
843
839
828
820
805
808
818
807
788
786
775
770
787
794
794
787
784
792
813
815
807
804
821
809
822
818
809
803
797
809
822
833
805
804
815
821
831
830
823
806
806
811
819
843
831
837
831
824
817
829
826
800
804
798
787
778
773
786
803
797
804
814
796
799
798
815
821
815
830
834
815
820
819
804
810
786
772
772
751
745
759
757
759
763
763
786
806
801
806
805
796
789
791
780
781
768
758
765
769
774
787
780
781
809
809
806
803
823
827
827
836
845
839
821
828
824
823
813
791
789
779
781
789
803
800
802
813
811
820
821
809
800
801
800
798
802
801
782
772
773
788
807
807
794
793
797
789
802
816
818
827
830
828
837
838
828
837
838
844
842
820
813
816
810
815
843
847
834
827
808
814
812
811
825
814
782
755
764
772
779
800
793
791
789
799
800
816
816
798
794
780
777
789
755
755
770
767
760
762
783
776
790
776
805
783
780
799
801
804
814
828
822
842
838
864
863
855
860
867
834
830
834
821
822
806
809
800
797
783
817
802
797
791
792
796
786
774
775
780
758
759
761
764
760
777
770
782
763
742
758
789
785
801
804
770
789
790
818
852
851
843
844
830
824
843
848
842
829
813
796
780
783
771
785
782
754
772
771
796
815
813
806
814
811
813
835
821
814
799
781
777
798
789
761
763
752
752
755
756
771
778
769
783
809
804
811
821
821
815
809
811
814
802
797
792
799
791
798
797
820
806
799
802
796
807
799
789
782
806
781
792
787
799
796
790
790
813
821
795
783
778
785
774
777
785
779
761
752
738
757
748
747
761
773
759
748
766
766
783
771
777
776
762
748
756
764
761
762
762
768
782
791
780
794
801
801
812
818
828
828
819
821
832
812
810
831
802
804
802
808
829
806
815
830
842
842
853
848
857
839
816
836
817
806
776
765
766
756
737
759
773
759
770
765
782
775
779
795
789
786
771
768
773
800
794
797
780
767
772
760
759
757
760
747
752
743
749
754
757
767
768
774
777
784
781
802
815
823
827
806
802
808
799
798
808
804
796
784
792
800
816
830
841
832
814
799
808
822
818
835
824
813
801
821
836
831
813
811
804
785
783
773
791
765
758
786
793
792
789
796
799
790
775
786
777
765
760
758
764
764
761
775
790
792
809
816
807
795
794
786
788
774
754
749
726
719
720
733
747
759
768
788
794
797
819
820
833
832
829
817
796
800
799
807
802
804
819
812
810
828
846
851
858
827
810
817
809
833
818
806
797
790
790
806
821
813
813
795
812
816
811
814
798
813
810
804
786
786
771
763
786
769
777
762
768
771
795
805
815
827
816
807
807
823
814
818
814
815
805
810
830
847
836
814
830
835
818
819
823
820
787
790
797
799
804
802
821
811
814
793
812
805
817
822
802
788
786
791
781
792
789
788
772
783
795
803
791
787
798
791
789
773
777
777
780
772
778
788
773
788
788
799
807
798
810
798
784
778
783
773
768
781
761
769
760
775
786
793
787
786
795
796
819
810
804
797
781
765
779
787
795
799
793
808
808
807
834
844
854
863
850
836
821
785
757
762
749
751
736
709
714
706
723
745
776
797
790
786
801
824
815
822
815
839
829
818
824
815
797
799
798
805
817
797
790
780
795
783
782
782
783
786
786
788
815
837
838
850
858
848
829
834
804
802
785
764
748
757
751
764
795
783
787
800
795
814
818
821
821
815
790
794
819
804
810
782
793
799
792
778
786
791
781
773
767
779
757
742
749
754
765
763
741
761
761
751
769
787
781
792
780
778
801
773
774
789
775
772
766
775
766
761
763
779
772
773
773
745
770
764
771
763
763
761
774
764
779
794
808
808
800
800
800
815
806
803
807
806
779
767
785
790
796
790
794
797
795
789
798
793
793
791
794
799
795
805
800
817
802
819
805
821
819
818
829
824
808
804
805
796
814
801
810
807
802
793
811
792
815
825
827
834
830
826
819
822
808
824
815
807
818
821
804
791
806
809
833
832
816
810
789
782
788
801
803
823
805
799
810
807
804
801
807
818
824
819
828
837
832
841
856
873
879
