16
34
44
47
40
29
30
37
35
33
35
36
42
37
32
32
36
37
28
31
38
47
46
43
27
29
25
32
34
39
42
42
41
42
33
30
36
39
44
48
52
42
36
34
41
40
42
39
32
36
43
51
54
50
38
30
26
32
39
39
35
30
36
42
49
56
46
40
39
50
51
46
40
45
50
52
47
40
47
43
32
38
42
36
32
38
36
44
39
45
44
39
30
38
42
48
50
51
40
36
34
32
32
34
37
39
38
34
41
46
44
33
40
40
43
40
36
38
34
30
36
39
41
44
46
43
50
51
50
42
38
34
30
34
39
35
34
39
45
45
36
32
29
34
33
28
36
40
49
50
47
53
51
48
51
44
39
44
39
48
38
37
33
38
44
43
38
37
43
42
38
47
52
39
38
37
45
41
36
33
38
32
35
37
42
41
38
40
32
34
38
46
50
38
33
28
28
28
38
42
50
39
38
33
34
34
37
36
47
44
47
48
48
31
31
32
32
43
51
38
40
33
30
37
38
38
32
30
32
36
36
50
44
36
37
46
42
35
33
38
36
36
38
35
42
46
42
37
40
46
50
44
40
35
37
38
38
39
43
37
39
47
48
42
33
37
34
40
38
39
34
38
40
42
49
39
38
34
30
34
39
34
31
35
37
45
41
32
34
32
30
27
30
31
40
41
40
43
41
50
40
38
37
32
37
30
30
30
33
35
44
44
34
30
36
39
44
47
38
37
33
30
33
35
36
44
45
39
40
39
39
37
37
31
34
41
47
48
41
40
36
35
33
38
35
32
37
39
39
36
34
40
36
38
42
43
38
38
38
39
39
37
36
31
38
40
45
42
34
30
30
38
48
39
38
34
40
48
50
41
40
44
41
41
35
32
38
40
33
31
36
36
41
34
28
28
33
34
43
37
42
37
42
41
28
28
34
32
37
47
60
48
36
35
42
48
48
41
47
45
39
33
35
39
48
46
40
38
33
37
39
40
46
58
60
49
49
47
46
43
45
42
39
48
48
60
55
51
44
50
47
43
31
32
48
52
44
38
38
48
44
41
35
38
35
34
39
49
48
37
39
52
43
40
45
41
42
45
39
33
39
37
36
32
34
33
36
43
41
38
41
44
41
34
28
29
30
42
44
44
39
41
35
31
31
33
33
35
44
45
37
38
36
40
37
40
39
46
45
46
39
41
36
47
47
41
35
49
48
41
34
37
44
32
39
40
40
36
33
28
27
39
35
32
30
38
37
43
43
34
40
35
34
30
33
32
44
40
33
35
32
32
38
39
30
28
35
43
40
46
47
45
35
41
48
42
47
43
41
40
39
33
26
32
29
39
41
38
42
51
51
45
39
34
37
39
38
35
36
40
51
55
50
47
41
43
46
40
29
29
33
34
32
23
30
36
33
33
40
48
56
51
31
28
41
46
45
51
44
44
45
38
30
38
32
30
36
36
37
39
42
29
36
40
41
36
47
41
37
39
38
31
34
38
44
38
32
31
33
47
51
46
39
38
36
37
36
37
32
44
46
42
28
34
42
45
44
47
45
36
44
49
45
39
40
42
43
39
37
42
41
38
35
42
34
39
33
35
40
42
41
29
28
31
34
32
35
36
33
41
37
38
37
44
45
43
49
50
47
48
40
39
35
37
38
39
51
47
43
35
35
38
43
52
39
41
36
31
32
37
45
47
39
39
36
45
42
36
31
33
36
40
46
33
30
35
40
34
35
40
46
45
39
43
40
37
29
33
34
41
31
34
33
33
37
38
40
50
53
46
43
49
53
43
37
35
30
32
32
42
46
45
41
40
46
41
35
34
37
36
34
44
43
43
40
30
29
28
39
39
39
37
36
39
45
46
49
47
36
28
33
42
49
43
36
39
38
37
44
55
47
36
36
43
41
37
39
40
34
35
36
34
46
36
33
40
36
30
22
32
30
39
37
37
28
33
47
38
35
31
41
38
44
40
35
47
52
45
41
31
38
42
38
41
44
45
39
41
37
38
41
49
49
39
35
31
32
40
43
41
39
34
35
45
44
39
41
41
35
34
34
28
30
31
36
43
41
33
32
35
40
32
38
42
39
39
35
37
34
32
21
29
40
44
46
37
35
34
32
35
29
30
34
42
49
48
42
34
32
48
45
32
31
37
41
41
40
39
36
38
41
42
37
35
33
44
47
52
46
40
36
48
38
26
31
35
40
35
37
44
47
44
39
40
38
36
39
37
34
43
47
36
36
33
38
40
38
30
41
40
37
37
33
42
46
37
31
30
37
50
