0 0.0
1 0.36209999999999637
2 0.7217000000000025
3 1.1178000000000023
4 1.525300000000001
5 1.9293000000000007
6 2.3188000000000013
7 2.7209999999999965
8 3.1259000000000006
9 3.535099999999994
10 3.9463999999999957
11 4.352700000000007
12 4.7679
13 5.1686000000000005
14 5.574499999999994
15 5.988100000000001
16 6.3957999999999995
17 6.815599999999993
18 7.226900000000007
19 7.632399999999991
20 8.023099999999996
21 8.42800000000001
22 8.823400000000014
23 9.243399999999992
24 9.636799999999981
25 10.038600000000029
26 10.442000000000014
27 10.868200000000005
28 11.28920000000001
29 11.706200000000003
30 12.116899999999992
31 12.520600000000005
32 12.957599999999978
33 13.37909999999999
34 13.79089999999999
35 14.206100000000042
36 14.625000000000012
37 15.044999999999984
38 15.4792
39 15.895300000000017
40 16.309199999999986
41 16.719299999999993
42 17.13459999999999
43 17.55100000000001
44 17.964299999999998
45 18.399499999999986
46 18.79569999999997
47 19.19439999999998
48 19.59610000000002
49 19.986300000000025
50 20.403999999999993
51 20.82430000000002
52 21.223299999999988
53 21.623300000000018
54 22.01979999999999
55 22.422899999999977
56 22.83269999999996
57 23.236100000000008
58 23.639800000000005
59 24.0568
60 24.46769999999997
61 24.875200000000007
62 25.293299999999995
63 25.70999999999998
64 26.128400000000024
65 26.552100000000017
66 26.973399999999977
67 27.3882
68 27.790799999999972
69 28.201700000000027
70 28.608500000000006
71 29.031399999999998
72 29.44149999999996
73 29.846199999999936
74 30.261799999999987
75 30.67549999999998
76 31.096400000000006
77 31.519699999999986
78 31.921699999999955
79 32.33330000000003
80 32.740699999999975
81 33.15109999999999
82 33.5561
83 33.96279999999996
84 34.374100000000006
85 34.79010000000001
86 35.21309999999996
87 35.62759999999993
88 36.03690000000001
89 36.45859999999997
90 36.864700000000035
91 37.271300000000025
92 37.67200000000003
93 38.070899999999924
94 38.46509999999998
95 38.87719999999996
96 39.27099999999998
97 39.68029999999999
98 40.08630000000003
99 40.51460000000002
100 40.92869999999989
101 41.3495
102 41.77370000000001
103 42.187000000000076
104 42.60439999999997
105 43.0145000000001
106 43.41690000000006
107 43.816800000000015
108 44.22770000000001
109 44.64110000000004
110 45.04600000000001
111 45.44229999999995
112 45.86629999999996
113 46.276899999999934
114 46.69149999999996
115 47.11940000000002
116 47.536800000000035
117 47.94269999999996
118 48.35999999999997
119 48.76450000000002
120 49.18809999999994
121 49.59790000000005
122 50.01350000000009
123 50.42930000000001
124 50.83619999999995
125 51.22340000000002
126 51.64339999999994
127 52.06299999999998
128 52.47090000000002
129 52.88819999999996
130 53.31289999999994
131 53.73050000000001
132 54.131
133 54.5291000000001
134 54.93570000000007
135 55.35470000000013
136 55.763899999999985
137 56.18219999999994
138 56.58850000000006
139 56.98130000000007
140 57.389200000000066
141 57.783800000000035
142 58.16920000000004
143 58.57500000000015
144 58.98300000000004
145 59.40669999999995
146 59.82599999999997
147 60.23499999999997
148 60.65259999999997
149 61.054400000000015
150 61.461199999999934
151 61.886000000000024
152 62.28479999999994
153 62.70210000000002
154 63.1009
155 63.51569999999993
156 63.91429999999996
157 64.32079999999996
158 64.73080000000004
159 65.1445000000001
160 65.56580000000002
161 65.98140000000002
162 66.3969
163 66.81249999999987
164 67.21900000000001
165 67.62530000000011
166 68.02960000000003
167 68.45549999999994
168 68.8778
169 69.28990000000003
170 69.6978
171 70.11459999999994
172 70.51849999999997
173 70.9223
174 71.33619999999989
175 71.76859999999994
176 72.18060000000003
177 72.6009
178 72.99820000000003
179 73.42329999999997
180 73.84100000000004
181 74.25129999999996
182 74.63689999999993
183 75.04730000000006
184 75.4577
185 75.86580000000008
186 76.29010000000017
187 76.69640000000005
188 77.10119999999995
189 77.51550000000015
190 77.91690000000013
191 78.31959999999998
192 78.7318
193 79.14739999999995
194 79.56250000000017
195 79.97480000000004
196 80.38410000000009
197 80.78520000000019
198 81.18379999999995
199 81.59910000000005
200 81.9995000000001
201 82.42830000000016
202 82.83219999999997
203 83.22429999999994
204 83.63499999999998
205 84.03309999999992
206 84.43680000000005
207 84.85529999999996
208 85.28619999999994
209 85.7055000000001
210 86.13030000000012
211 86.5514
212 86.95819999999992
213 87.36599999999994
214 87.77090000000011
215 88.17530000000019
216 88.58670000000001
217 88.98860000000003
218 89.38399999999984
219 89.80480000000014
220 90.22640000000013
221 90.64770000000006
222 91.0465999999999
223 91.46059999999997
224 91.87290000000014
225 92.27740000000006
226 92.6891000000001
227 93.09429999999996
228 93.51239999999999
229 93.91959999999982
230 94.31340000000006
231 94.72330000000005
232 95.12500000000016
233 95.52760000000009
234 95.94800000000025
235 96.35460000000003
236 96.77900000000004
237 97.18149999999994
238 97.5949000000001
239 97.98739999999988
240 98.4006999999999
241 98.80989999999993
242 99.20929999999984
243 99.61840000000012
244 100.03550000000004
245 100.44310000000026
246 100.86079999999988
247 101.27019999999999
248 101.68350000000001
249 102.08649999999989
250 102.49399999999979
251 102.90599999999974
252 103.31090000000016
253 103.71450000000009
254 104.1367000000001
255 104.54029999999995
256 104.9601
257 105.36209999999987
258 105.77699999999994
259 106.1867
260 106.60929999999999
261 107.02279999999993
262 107.41809999999998
263 107.81349999999998
264 108.23019999999994
265 108.62989999999994
266 109.0384
267 109.44509999999995
268 109.85280000000004
269 110.2683999999998
270 110.67740000000015
271 111.10110000000023
272 111.51330000000007
273 111.92220000000005
274 112.34090000000016
275 112.74949999999998
276 113.16669999999993
277 113.55879999999996
278 113.95350000000009
279 114.36540000000005
280 114.7658000000002
281 115.1907999999999
282 115.59889999999987
283 116.0252
284 116.43389999999982
285 116.85149999999986
286 117.24929999999993
287 117.66869999999983
288 118.0852
289 118.50700000000016
290 118.91140000000003
291 119.33120000000001
292 119.7488
293 120.15790000000021
294 120.5773999999999
295 120.98109999999986
296 121.40520000000002
297 121.82599999999994
298 122.24809999999997
299 122.65609999999998
300 123.06559999999993
301 123.48119999999993
302 123.88750000000005
303 124.30460000000011
304 124.70820000000015
305 125.10610000000013
306 125.51430000000015
307 125.94240000000006
308 126.34900000000003
309 126.74020000000009
310 127.15339999999998
311 127.5643000000002
312 127.97510000000021
313 128.39270000000013
314 128.7820000000001
315 129.18560000000005
316 129.59169999999992
317 130.01449999999994
318 130.42929999999996
319 130.8345999999999
320 131.24810000000008
321 131.66350000000003
322 132.07300000000012
323 132.47339999999983
324 132.8863000000002
325 133.28279999999998
326 133.68899999999994
327 134.09940000000012
328 134.49730000000002
329 134.9055000000001
330 135.31080000000017
331 135.7090000000002
332 136.10459999999986
333 136.51239999999993
334 136.92629999999974
335 137.32639999999978
336 137.74250000000012
337 138.17120000000006
338 138.5826000000002
339 139.00799999999998
340 139.41609999999991
341 139.81839999999997
342 140.21869999999993
343 140.63589999999982
344 141.04730000000006
345 141.45939999999996
346 141.8699000000001
347 142.27709999999996
348 142.6902000000001
349 143.08450000000005
350 143.51979999999998
351 143.93749999999977
352 144.34499999999994
353 144.74379999999994
354 145.1431999999998
355 145.5575999999998
356 145.96619999999996
357 146.38039999999995
358 146.7795000000001
359 147.20199999999994
360 147.60480000000007
361 148.01599999999996
362 148.4159999999998
363 148.80689999999984
364 149.23629999999986
365 149.64319999999998
366 150.0642999999999
367 150.48020000000025
368 150.8896000000001
369 151.2803999999999
370 151.69819999999993
371 152.11300000000008
372 152.52229999999997
373 152.9224999999999
374 153.3301000000002
375 153.74249999999995
376 154.17430000000016
377 154.60049999999998
378 155.0292
379 155.43300000000025
380 155.84129999999996
381 156.24430000000035
382 156.6437
383 157.0550000000002
384 157.46559999999997
385 157.87710000000013
386 158.28520000000006
387 158.70400000000024
388 159.1098999999998
389 159.5148
390 159.92119999999989
391 160.33009999999967
392 160.743
393 161.14380000000006
394 161.56109999999984
395 161.98299999999963
396 162.39209999999983
397 162.7929
398 163.2001000000001
399 163.60459999999978
400 164.02020000000024
401 164.43000000000026
402 164.8372
403 165.2288000000002
404 165.6299
405 166.03060000000022
406 166.43860000000024
407 166.8287
408 167.2301
409 167.62610000000012
410 168.0129
411 168.42180000000025
412 168.83450000000036
413 169.24019999999967
414 169.66949999999994
415 170.08370000000014
416 170.50220000000047
417 170.9308
418 171.3439999999998
419 171.76199999999997
420 172.17139999999998
421 172.57820000000007
422 172.99149999999986
423 173.38239999999993
424 173.78509999999983
425 174.18969999999956
426 174.60409999999956
427 175.01940000000005
428 175.4387
429 175.84460000000016
430 176.24440000000013
431 176.64860000000044
432 177.05560000000017
433 177.4664
434 177.85999999999976
435 178.25500000000008
436 178.664
437 179.07930000000007
438 179.49370000000025
439 179.90550000000002
440 180.31260000000003
441 180.71420000000015
442 181.13280000000054
443 181.53620000000018
444 181.94750000000005
445 182.3675000000003
446 182.7722999999997
447 183.18809999999985
448 183.59
449 184.00139999999968
450 184.41149999999985
451 184.81300000000016
452 185.2272000000003
453 185.62799999999984
454 186.0320999999998
455 186.43019999999987
456 186.84769999999966
457 187.26319999999984
458 187.6755999999997
459 188.07900000000004
460 188.4794000000002
461 188.8806000000001
462 189.29209999999986
463 189.7026000000001
464 190.1138999999999
465 190.52030000000005
466 190.9307000000001
467 191.3555999999999
468 191.75709999999984
469 192.18469999999982
470 192.61080000000018
471 193.02159999999998
472 193.4380999999998
473 193.85329999999976
474 194.25689999999975
475 194.6591999999996
476 195.0733999999999
477 195.48400000000004
478 195.8965999999999
479 196.30789999999988
480 196.71929999999992
481 197.12650000000008
482 197.5395000000005
483 197.9579999999999
484 198.3655000000003
485 198.7600000000001
486 199.17629999999974
487 199.5914000000003
488 200.0062
489 200.42659999999978
490 200.84129999999993
491 201.23729999999966
492 201.63299999999992
493 202.03150000000022
494 202.44739999999996
495 202.8554
496 203.25480000000042
497 203.65540000000027
498 204.06769999999977
499 204.47470000000033
500 204.8754000000004
501 205.27379999999997
502 205.6782999999999
503 206.07649999999975
504 206.49050000000025
505 206.8946000000001
506 207.2939000000005
507 207.71130000000016
508 208.12179999999992
509 208.5187
510 208.9215
511 209.32999999999987
512 209.73230000000007
513 210.12450000000004
514 210.52839999999992
515 210.93510000000012
516 211.34099999999978
517 211.74350000000015
518 212.14720000000005
519 212.54610000000005
520 212.9468000000002
521 213.34230000000014
522 213.73510000000016
523 214.14320000000023
524 214.54139999999984
525 214.9374999999999
526 215.32930000000025
527 215.70740000000026
528 216.1040000000002
529 216.50989999999945
530 216.91169999999968
531 217.31510000000006
532 217.71420000000018
533 218.1169
534 218.52000000000004
535 218.92109999999985
536 219.31289999999998
537 219.7040000000001
538 220.11020000000028
539 220.52359999999967
540 220.9339999999998
541 221.3356000000003
542 221.7422000000003
543 222.14219999999983
544 222.52279999999982
545 222.91600000000003
546 223.30930000000018
547 223.69049999999984
548 224.0830000000006
549 224.48819999999992
550 224.87990000000008
551 225.28350000000015
552 225.69530000000023
553 226.09500000000008
554 226.5101999999998
555 226.91569999999973
556 227.30759999999978
557 227.70049999999986
558 228.09210000000016
559 228.48409999999993
560 228.89110000000036
561 229.30479999999997
562 229.71040000000028
563 230.1081000000001
564 230.51630000000029
565 230.8930999999999
566 231.28690000000014
567 231.67999999999998
568 232.0759000000001
569 232.46890000000025
570 232.8538000000001
571 233.25059999999996
572 233.64129999999986
573 234.02860000000004
574 234.41839999999976
575 234.80189999999988
576 235.17949999999973
577 235.55939999999967
578 235.9317999999998
579 236.32520000000025
580 236.71839999999955
581 237.11499999999984
582 237.4929000000004
583 237.88160000000028
584 238.2562999999997
585 238.63010000000006
586 239.0113000000001
587 239.40049999999997
588 239.7885000000001
589 240.17350000000056
590 240.54340000000025
591 240.92570000000015
592 241.31730000000002
593 241.69250000000017
594 242.0746
595 242.43910000000002
596 242.81379999999996
597 243.18869999999993
598 243.56519999999992
599 243.93410000000017
600 244.2976
601 244.68580000000003
602 245.06569999999985
603 245.45309999999995
604 245.8238
605 246.2142999999999
606 246.59449999999998
607 246.97079999999988
608 247.33590000000044
609 247.7057000000003
610 248.07290000000023
611 248.44209999999998
612 248.79529999999997
613 249.1661000000003
614 249.5457
615 249.92930000000027
616 250.29909999999984
617 250.665
618 251.03030000000004
619 251.40470000000025
620 251.76000000000013
621 252.14179999999968
622 252.49540000000007
623 252.84790000000018
624 253.21529999999998
625 253.59099999999958
626 253.95600000000007
627 254.32230000000013
628 254.6734
629 255.03080000000023
630 255.38090000000003
631 255.74410000000015
632 256.0926999999999
633 256.45409999999976
634 256.8100000000001
635 257.17389999999995
636 257.5408999999999
637 257.90200000000027
638 258.26310000000024
639 258.62690000000003
640 258.9798000000007
641 259.3422000000001
642 259.6959000000001
643 260.0347000000001
644 260.3671
645 260.72410000000013
646 261.0653000000005
647 261.4270000000002
648 261.7618000000003
649 262.1174000000001
650 262.46549999999974
651 262.8221000000003
652 263.1755000000002
653 263.5193999999999
654 263.88570000000016
655 264.2475
656 264.6125000000001
657 264.9693999999999
658 265.32039999999967
659 265.6744
660 266.0309
661 266.37880000000007
662 266.72790000000026
663 267.08049999999986
664 267.42630000000014
665 267.7715999999998
666 268.1244000000002
667 268.48260000000016
668 268.82670000000013
669 269.16249999999997
670 269.4955000000001
671 269.8307999999999
672 270.1637000000003
673 270.5098000000001
674 270.8485000000001
675 271.17779999999965
676 271.51750000000015
677 271.84720000000027
678 272.19420000000014
679 272.53180000000026
680 272.8765
681 273.22100000000023
682 273.5767000000007
683 273.9085000000001
684 274.22370000000006
685 274.54590000000053
686 274.88010000000025
687 275.2107000000001
688 275.5546000000002
689 275.8837000000001
690 276.21550000000036
691 276.5511000000004
692 276.8687000000004
693 277.1889999999995
694 277.51249999999976
695 277.8351999999999
696 278.17019999999997
697 278.49720000000025
698 278.81550000000016
699 279.1387000000002
700 279.4726999999998
701 279.79110000000014
702 280.10929999999985
703 280.4305000000001
704 280.7588000000002
705 281.07730000000026
706 281.3914
707 281.7035
708 282.0249000000002
709 282.32740000000024
710 282.6479000000004
711 282.9629000000001
712 283.2780000000001
713 283.57760000000025
714 283.8889000000001
715 284.1996999999999
716 284.51100000000025
717 284.8349999999998
718 285.1427999999998
719 285.4518000000003
720 285.7603000000007
721 286.06230000000005
722 286.3631
723 286.66760000000016
724 286.9661999999999
725 287.2585999999998
726 287.5628999999998
727 287.85670000000016
728 288.1489999999999
729 288.45219999999995
730 288.75509999999997
731 289.0574999999999
732 289.34489999999937
733 289.6388999999999
734 289.93609999999956
735 290.23460000000017
736 290.5147000000003
737 290.8133999999998
738 291.11400000000015
739 291.3997999999997
740 291.70370000000014
741 292.0118000000003
742 292.3180000000002
743 292.6135000000003
744 292.9086000000003
745 293.20650000000046
746 293.50000000000017
747 293.7922999999995
748 294.0882999999998
749 294.3662999999998
750 294.66310000000044
751 294.95940000000047
752 295.2637000000006
753 295.5650000000008
754 295.86560000000003
755 296.1534999999999
756 296.42330000000044
757 296.7019000000004
758 297.00399999999985
759 297.3028
760 297.58239999999995
761 297.8684000000003
762 298.1597
763 298.4242999999998
764 298.7105
765 298.99289999999996
766 299.2735
767 299.5507999999999
768 299.8241000000003
769 300.1114000000002
770 300.39810000000045
771 300.67870000000005
772 300.9702000000004
773 301.25890000000004
774 301.55300000000034
775 301.84420000000017
776 302.12030000000016
777 302.3994999999999
778 302.6804
779 302.9655999999999
780 303.2566000000004
781 303.5413
782 303.8084999999997
783 304.09540000000015
784 304.38230000000055
785 304.658100000001
786 304.9399000000007
787 305.2177000000004
788 305.4926000000004
789 305.7709000000001
790 306.0551000000002
791 306.3352
792 306.6085000000001
793 306.89450000000016
794 307.166
795 307.4552999999997
796 307.7261000000001
797 307.98580000000027
798 308.25800000000027
799 308.5275999999998
800 308.7973999999999
801 309.08309999999994
802 309.34580000000045
803 309.61640000000045
804 309.88710000000043
805 310.1516000000003
806 310.4073000000007
807 310.67750000000046
808 310.93510000000003
809 311.2000000000001
810 311.4677000000001
811 311.7373000000004
812 312.00050000000033
813 312.2738999999998
814 312.5399999999998
815 312.8030000000006
816 313.0689000000004
817 313.33020000000084
818 313.60430000000053
819 313.8719000000002
820 314.1431
821 314.4104000000004
822 314.66760000000005
823 314.9308000000001
824 315.1888000000002
825 315.46080000000023
826 315.7372999999998
827 316.00570000000084
828 316.2788000000004
829 316.54040000000026
830 316.7977999999999
831 317.05639999999994
832 317.3081000000001
833 317.5643000000007
834 317.8116999999999
835 318.0785000000002
836 318.3267000000005
837 318.5832000000004
838 318.8339999999999
839 319.0852999999999
840 319.3379000000006
841 319.6026000000007
842 319.8478000000008
843 320.0917000000008
844 320.34040000000044
845 320.57180000000017
846 320.8117000000005
847 321.05140000000006
848 321.3026000000006
849 321.5426000000001
850 321.79030000000034
851 322.0344000000003
852 322.27170000000007
853 322.52010000000007
854 322.75880000000035
855 322.99490000000014
856 323.24139999999994
857 323.47790000000043
858 323.70850000000036
859 323.9529000000003
860 324.1953000000001
861 324.4327000000001
862 324.6646000000001
863 324.89300000000065
864 325.1367000000003
865 325.3705000000007
866 325.6043000000005
867 325.82910000000055
868 326.0661000000006
869 326.3060000000009
870 326.53750000000014
871 326.76630000000074
872 327.01040000000074
873 327.23940000000005
874 327.4745999999998
875 327.71220000000005
876 327.9376000000004
877 328.17310000000066
878 328.4105000000001
879 328.62990000000013
880 328.8494000000003
881 329.07550000000003
882 329.2974000000005
883 329.52740000000085
884 329.75970000000024
885 329.9897000000003
886 330.2178000000007
887 330.43800000000044
888 330.6608000000002
889 330.8963000000004
890 331.13120000000055
891 331.34750000000105
892 331.5819000000007
893 331.80700000000047
894 332.03570000000053
895 332.2624000000003
896 332.4997000000003
897 332.7335000000008
898 332.9736000000001
899 333.1918000000002
900 333.41690000000034
901 333.6317000000003
902 333.8446000000004
903 334.06230000000056
904 334.2843000000004
905 334.50130000000087
906 334.7197000000001
907 334.9413000000001
908 335.1619000000008
909 335.3763000000007
910 335.5853000000006
911 335.8049000000007
912 336.015000000001
913 336.23210000000034
914 336.44610000000085
915 336.6713000000004
916 336.8926000000002
917 337.11620000000056
918 337.3360000000003
919 337.55090000000075
920 337.7474000000003
921 337.9491000000002
922 338.1715000000003
923 338.3891000000008
924 338.6035000000008
925 338.82000000000056
926 339.03000000000026
927 339.23470000000117
928 339.4560000000005
929 339.65650000000073
930 339.87550000000044
931 340.08160000000095
932 340.2923000000005
933 340.5083000000004
934 340.71780000000047
935 340.9256000000006
936 341.1298000000004
937 341.33190000000013
938 341.5438000000005
939 341.75300000000055
940 341.96480000000025
941 342.1637000000004
942 342.36530000000073
943 342.5550000000011
944 342.7527000000005
945 342.95730000000054
946 343.15500000000065
947 343.34420000000057
948 343.5451000000002
949 343.7412000000005
950 343.9374000000002
951 344.13010000000025
952 344.3291000000005
953 344.5317000000003
954 344.73370000000057
955 344.9346000000007
956 345.12520000000035
957 345.3282000000013
958 345.5347000000005
959 345.7280000000001
960 345.92310000000026
961 346.12430000000006
962 346.31440000000066
963 346.5061000000006
964 346.7028000000006
965 346.90270000000027
966 347.09000000000077
967 347.27470000000085
968 347.4715999999999
969 347.6558000000004
970 347.8522999999998
971 348.04380000000026
972 348.2440000000006
973 348.42470000000037
974 348.60640000000006
975 348.7957000000001
976 348.9821999999999
977 349.1739000000002
978 349.3731000000004
979 349.5691000000009
980 349.76410000000084
981 349.9468000000005
982 350.1300000000005
983 350.3244000000012
984 350.5076000000007
985 350.70160000000067
986 350.88070000000056
987 351.0639000000007
988 351.24879999999996
989 351.4439000000002
990 351.6225000000005
991 351.80210000000017
992 351.98150000000066
993 352.16400000000056
994 352.35670000000005
995 352.5444000000004
996 352.71900000000045
997 352.90360000000015
998 353.08820000000026
999 353.2731000000003
1000 353.45720000000034
1001 353.62680000000034
1002 353.7967000000007
1003 353.9804000000003
1004 354.1491000000006
1005 354.3232000000004
1006 354.50160000000005
1007 354.6744000000005
1008 354.8517000000002
1009 355.0450000000007
1010 355.22910000000064
1011 355.4155000000007
1012 355.59190000000035
1013 355.7646000000003
1014 355.9394000000004
1015 356.11770000000075
1016 356.2826000000007
1017 356.4522000000002
1018 356.6210000000009
1019 356.79250000000076
1020 356.9606000000008
1021 357.1234000000006
1022 357.28660000000036
1023 357.4531000000005
1024 357.6391000000009
1025 357.81760000000025
1026 357.99450000000064
1027 358.15790000000123
1028 358.3334000000005
1029 358.5002000000004
1030 358.6627000000008
1031 358.8387000000003
1032 359.01390000000043
1033 359.1765000000005
1034 359.3420000000003
1035 359.5047000000006
1036 359.6765999999999
1037 359.84290000000027
1038 360.01420000000047
1039 360.1837000000011
1040 360.3458000000006
1041 360.5182000000004
1042 360.6852000000005
1043 360.8516000000005
1044 361.0226000000005
1045 361.1887000000007
1046 361.35470000000066
1047 361.5157000000005
1048 361.6707000000004
1049 361.83680000000055
1050 362.0029000000006
1051 362.1631000000006
1052 362.31470000000064
1053 362.4854000000004
1054 362.6507000000006
1055 362.8112000000007
1056 362.9717000000003
1057 363.14550000000077
1058 363.3027000000011
1059 363.4650000000006
1060 363.61960000000033
1061 363.7799000000003
1062 363.9360000000001
1063 364.0878000000004
1064 364.24300000000045
1065 364.3980000000004
1066 364.5530000000001
1067 364.7178000000001
1068 364.87559999999996
1069 365.02950000000004
1070 365.18840000000006
1071 365.34850000000006
1072 365.5025000000001
1073 365.66200000000066
1074 365.8166000000002
1075 365.98480000000035
1076 366.1398000000001
1077 366.2981000000001
1078 366.45710000000025
1079 366.6136
1080 366.77380000000045
1081 366.93460000000044
