0 0.0
1 0.08760000000000039
2 0.17129999999999992
3 0.2582
4 0.35099999999999987
5 0.44050000000000017
6 0.5294000000000001
7 0.6240999999999993
8 0.7213000000000002
9 0.8203999999999997
10 0.9148000000000003
11 1.0095999999999996
12 1.0984999999999998
13 1.1897000000000002
14 1.2789
15 1.3739999999999992
16 1.4625
17 1.549699999999999
18 1.6430999999999985
19 1.7298999999999978
20 1.8151000000000002
21 1.9067999999999998
22 1.9987999999999986
23 2.0964
24 2.1872000000000007
25 2.2790000000000012
26 2.3736000000000015
27 2.4655
28 2.5641999999999983
29 2.661800000000004
30 2.7601000000000018
31 2.8534
32 2.956800000000004
33 3.055199999999998
34 3.1537999999999977
35 3.253799999999998
36 3.3556999999999975
37 3.456299999999998
38 3.5566999999999984
39 3.6504000000000003
40 3.7460999999999975
41 3.838799999999999
42 3.939099999999997
43 4.032999999999999
44 4.1282000000000005
45 4.232199999999999
46 4.3222999999999985
47 4.412899999999997
48 4.4975
49 4.5901999999999985
50 4.687499999999997
51 4.782799999999997
52 4.8732
53 4.962700000000002
54 5.060399999999998
55 5.152699999999995
56 5.246899999999998
57 5.339200000000001
58 5.4317
59 5.530500000000001
60 5.632200000000005
61 5.729600000000003
62 5.829099999999993
63 5.925999999999997
64 6.019199999999998
65 6.117499999999996
66 6.213100000000001
67 6.3097999999999965
68 6.399000000000001
69 6.505300000000004
70 6.601400000000008
71 6.701200000000005
72 6.804899999999995
73 6.905999999999995
74 7.002899999999996
75 7.091900000000002
76 7.193300000000001
77 7.293299999999999
78 7.387099999999999
79 7.480899999999998
80 7.572799999999991
81 7.658899999999992
82 7.74429999999999
83 7.837599999999993
84 7.9284999999999926
85 8.029600000000007
86 8.127400000000005
87 8.223400000000003
88 8.313700000000003
89 8.409099999999999
90 8.5012
91 8.5907
92 8.684700000000001
93 8.774499999999993
94 8.860099999999992
95 8.953000000000001
96 9.041900000000007
97 9.1372
98 9.231200000000005
99 9.326100000000004
100 9.419499999999992
101 9.517799999999998
102 9.6124
103 9.704199999999986
104 9.801100000000016
105 9.889000000000003
106 9.980099999999997
107 10.064400000000001
108 10.155299999999997
109 10.246899999999991
110 10.338700000000001
111 10.431300000000013
112 10.526099999999994
113 10.622600000000007
114 10.721000000000005
115 10.821700000000003
116 10.92309999999999
117 11.014800000000001
118 11.115700000000002
119 11.214400000000007
120 11.311999999999989
121 11.409200000000002
122 11.50559999999999
123 11.599100000000004
124 11.694499999999987
125 11.785200000000005
126 11.88699999999998
127 11.98319999999999
128 12.085899999999983
129 12.1849
130 12.285400000000006
131 12.382499999999999
132 12.468899999999993
133 12.563799999999999
134 12.659500000000007
135 12.756899999999998
136 12.857600000000012
137 12.956299999999993
138 13.06210000000001
139 13.160200000000007
140 13.261000000000001
141 13.356300000000001
142 13.440699999999977
143 13.532899999999996
144 13.620299999999993
145 13.715600000000002
146 13.811299999999994
147 13.903299999999993
148 14.002800000000002
149 14.097900000000006
150 14.18910000000002
151 14.282400000000006
152 14.367600000000017
153 14.466900000000006
154 14.560699999999997
155 14.660900000000007
156 14.750700000000005
157 14.846800000000009
158 14.93649999999999
159 15.029699999999998
160 15.12769999999999
161 15.222000000000007
162 15.318600000000012
163 15.412400000000018
164 15.5033
165 15.597699999999998
166 15.687500000000023
167 15.778400000000005
168 15.87340000000002
169 15.970700000000017
170 16.067600000000002
171 16.1619
172 16.25199999999999
173 16.345299999999995
174 16.442800000000002
175 16.549900000000004
176 16.645300000000013
177 16.746700000000004
178 16.847099999999998
179 16.948099999999986
180 17.044000000000008
181 17.142699999999984
182 17.234200000000005
183 17.331999999999972
184 17.424299999999995
185 17.521699999999992
186 17.614500000000017
187 17.7056
188 17.7982
189 17.897199999999998
190 17.988799999999998
191 18.076400000000007
192 18.171700000000005
193 18.268200000000018
194 18.36499999999999
195 18.459999999999994
196 18.557299999999984
197 18.649100000000004
198 18.741700000000012
199 18.837600000000016
200 18.9372
201 19.0367
202 19.132299999999994
203 19.224199999999986
204 19.317199999999982
205 19.408499999999997
206 19.504200000000004
207 19.601700000000005
208 19.697500000000012
209 19.7921
210 19.891200000000016
211 19.98660000000001
212 20.078599999999994
213 20.17319999999999
214 20.26379999999999
215 20.35180000000001
216 20.44089999999999
217 20.527099999999983
218 20.619400000000013
219 20.718599999999995
220 20.8127
221 20.903799999999997
222 20.995999999999984
223 21.091699999999967
224 21.18139999999999
225 21.27489999999998
226 21.369400000000006
227 21.46610000000001
228 21.562400000000018
229 21.654000000000007
230 21.744000000000025
231 21.840199999999996
232 21.92950000000001
233 22.023799999999994
234 22.112000000000002
235 22.197899999999986
236 22.293900000000008
237 22.389499999999988
238 22.48020000000001
239 22.565500000000018
240 22.661500000000014
241 22.746000000000006
242 22.83379999999998
243 22.932199999999995
244 23.03179999999998
245 23.126900000000006
246 23.2268
247 23.32450000000002
248 23.418199999999988
249 23.512300000000018
250 23.61120000000001
251 23.7042
252 23.798999999999975
253 23.8919
254 23.993299999999977
255 24.094200000000004
256 24.195499999999992
257 24.28590000000002
258 24.3863
259 24.48060000000001
260 24.577
261 24.668699999999998
262 24.760800000000007
263 24.850099999999998
264 24.951399999999992
265 25.043800000000015
266 25.134300000000017
267 25.224200000000007
268 25.309300000000007
269 25.40519999999999
270 25.497999999999966
271 25.585000000000022
272 25.676500000000026
273 25.768100000000018
274 25.85690000000001
275 25.95449999999999
276 26.050799999999988
277 26.13859999999999
278 26.227499999999974
279 26.321
280 26.417800000000003
281 26.520899999999976
282 26.61799999999997
283 26.71439999999999
284 26.810199999999984
285 26.902400000000014
286 26.9903
287 27.0904
288 27.186599999999984
289 27.2754
290 27.372699999999973
291 27.47549999999999
292 27.56809999999998
293 27.667799999999986
294 27.767200000000006
295 27.858000000000022
296 27.95980000000001
297 28.051700000000004
298 28.147799999999982
299 28.23860000000001
300 28.330299999999983
301 28.424099999999992
302 28.511100000000003
303 28.60400000000001
304 28.695700000000016
305 28.78509999999999
306 28.879899999999978
307 28.97419999999995
308 29.069099999999995
309 29.16179999999998
310 29.25779999999997
311 29.36299999999999
312 29.456900000000008
313 29.553099999999997
314 29.64320000000001
315 29.739300000000007
316 29.835900000000002
317 29.93199999999996
318 30.02609999999998
319 30.116999999999976
320 30.2074
321 30.30140000000001
322 30.39660000000001
323 30.4888
324 30.581700000000012
325 30.669199999999986
326 30.76479999999999
327 30.85579999999998
328 30.94379999999998
329 31.033699999999975
330 31.127800000000004
331 31.227100000000014
332 31.317800000000027
333 31.41130000000003
334 31.503699999999995
335 31.590799999999984
336 31.688599999999994
337 31.785800000000023
338 31.88220000000002
339 31.977900000000062
340 32.07019999999999
341 32.161699999999996
342 32.25770000000001
343 32.35650000000001
344 32.45500000000002
345 32.55679999999999
346 32.64559999999999
347 32.7441
348 32.837500000000006
349 32.93669999999999
350 33.03900000000001
351 33.13290000000001
352 33.232900000000015
353 33.32339999999997
354 33.41679999999999
355 33.51109999999998
356 33.60490000000002
357 33.71050000000002
358 33.79959999999998
359 33.90139999999997
360 33.99979999999999
361 34.09599999999999
362 34.19009999999998
363 34.27829999999999
364 34.38160000000001
365 34.48030000000001
366 34.578699999999984
367 34.67449999999997
368 34.76919999999997
369 34.86900000000001
370 34.96719999999997
371 35.060799999999986
372 35.162099999999974
373 35.25239999999999
374 35.34970000000003
375 35.445099999999975
376 35.540899999999986
377 35.64049999999999
378 35.735400000000006
379 35.827800000000025
380 35.91179999999999
381 36.0052
382 36.09950000000004
383 36.193200000000004
384 36.280000000000015
385 36.36890000000003
386 36.461400000000026
387 36.55780000000002
388 36.65
389 36.74370000000002
390 36.83479999999999
391 36.92050000000001
392 37.01399999999998
393 37.10540000000002
394 37.19769999999999
395 37.295500000000004
396 37.38889999999997
397 37.483399999999996
398 37.573200000000014
399 37.66309999999999
400 37.75449999999999
401 37.840499999999984
402 37.92460000000004
403 38.01299999999996
404 38.0973
405 38.18850000000001
406 38.2724
407 38.36110000000001
408 38.450299999999984
409 38.5468
410 38.63809999999999
411 38.7344
412 38.83389999999999
413 38.92929999999999
414 39.03109999999999
415 39.12799999999998
416 39.22469999999999
417 39.327899999999985
418 39.419399999999996
419 39.51700000000002
420 39.610100000000045
421 39.705799999999996
422 39.799000000000014
423 39.89640000000001
424 39.9923
425 40.0902
426 40.18139999999997
427 40.276099999999936
428 40.36769999999997
429 40.45999999999996
430 40.55090000000001
431 40.65459999999998
432 40.754100000000015
433 40.84880000000002
434 40.93939999999998
435 41.028
436 41.12530000000001
437 41.225400000000015
438 41.32290000000002
439 41.4166
440 41.51520000000005
441 41.61210000000002
442 41.71130000000004
443 41.80619999999997
444 41.902100000000004
445 42.0036
446 42.09909999999996
447 42.1924
448 42.284699999999994
449 42.38469999999999
450 42.47659999999996
451 42.56829999999999
452 42.66569999999998
453 42.75859999999997
454 42.8516
455 42.9424
456 43.03489999999994
457 43.125900000000016
458 43.22119999999997
459 43.31759999999997
460 43.4106
461 43.4989
462 43.59030000000005
463 43.678700000000006
464 43.77389999999998
465 43.860000000000035
466 43.95749999999999
467 44.05639999999999
468 44.15409999999999
469 44.25029999999998
470 44.34180000000001
471 44.4335
472 44.524399999999986
473 44.61590000000003
474 44.71260000000006
475 44.8016
476 44.89359999999999
477 44.99260000000002
478 45.08820000000005
479 45.1867
480 45.278200000000034
481 45.376500000000014
482 45.468699999999984
483 45.56609999999999
484 45.6627
485 45.75539999999998
486 45.852599999999995
487 45.94700000000002
488 46.04020000000002
489 46.14339999999999
490 46.2402
491 46.3326
492 46.42419999999994
493 46.51219999999999
494 46.60219999999999
495 46.70009999999999
496 46.79020000000002
497 46.88310000000002
498 46.97930000000001
499 47.073999999999984
500 47.1688
501 47.26529999999996
502 47.35729999999993
503 47.44679999999998
504 47.542000000000016
505 47.634499999999996
506 47.731500000000054
507 47.830699999999965
508 47.92869999999998
509 48.01819999999997
510 48.11649999999997
511 48.21550000000002
512 48.31119999999997
513 48.40319999999999
514 48.50089999999998
515 48.59119999999998
516 48.68700000000001
517 48.78079999999999
518 48.87179999999998
519 48.963200000000036
520 49.05740000000004
521 49.154099999999985
522 49.24529999999999
523 49.33830000000003
524 49.43320000000003
525 49.52500000000006
526 49.62169999999998
527 49.70979999999999
528 49.800999999999945
529 49.89629999999994
530 49.993499999999976
531 50.09279999999999
532 50.18839999999999
533 50.28629999999997
534 50.383
535 50.475200000000015
536 50.56329999999993
537 50.65649999999998
538 50.75200000000005
539 50.8506
540 50.94950000000004
541 51.040499999999994
542 51.135400000000025
543 51.23190000000002
544 51.319000000000024
545 51.40930000000004
546 51.50800000000003
547 51.60139999999997
548 51.69570000000003
549 51.78969999999998
550 51.88719999999999
551 51.984899999999996
552 52.080400000000004
553 52.17329999999996
554 52.27189999999999
555 52.36710000000006
556 52.456399999999974
557 52.552699999999994
558 52.64829999999994
559 52.743599999999994
560 52.839999999999975
561 52.94139999999998
562 53.03040000000002
563 53.1226
564 53.215699999999956
565 53.30679999999994
566 53.40030000000001
567 53.494700000000016
568 53.58810000000006
569 53.68090000000004
570 53.76930000000001
571 53.85789999999999
572 53.94990000000001
573 54.04030000000001
574 54.13229999999997
575 54.23070000000002
576 54.328
577 54.420699999999975
578 54.509899999999945
579 54.60360000000002
580 54.700499999999955
581 54.7938
582 54.88739999999998
583 54.98209999999996
584 55.07069999999999
585 55.16710000000002
586 55.26009999999996
587 55.355300000000014
588 55.45430000000003
589 55.54980000000001
590 55.64349999999995
591 55.74140000000004
592 55.84180000000006
593 55.936200000000014
594 56.035400000000024
595 56.13090000000004
596 56.22470000000003
597 56.32
598 56.41489999999995
599 56.509099999999954
600 56.604799999999976
601 56.70220000000001
602 56.79509999999996
603 56.88700000000001
604 56.98289999999997
605 57.080700000000014
606 57.175799999999974
607 57.27050000000001
608 57.368299999999984
609 57.46240000000001
610 57.556300000000014
611 57.650200000000005
612 57.73979999999996
613 57.83410000000004
614 57.929000000000016
615 58.02939999999997
616 58.129999999999995
617 58.22269999999998
618 58.31679999999999
619 58.415100000000024
620 58.51010000000005
621 58.60740000000004
622 58.69900000000001
623 58.786500000000025
624 58.87909999999998
625 58.97470000000001
626 59.07200000000002
627 59.17219999999998
628 59.26620000000003
629 59.36309999999995
630 59.455499999999994
631 59.54729999999998
632 59.635500000000036
633 59.73059999999998
634 59.82750000000006
635 59.92890000000002
636 60.01899999999997
637 60.106300000000054
638 60.19970000000002
639 60.29319999999999
640 60.387300000000025
641 60.480800000000045
642 60.57479999999997
643 60.66319999999999
644 60.75600000000005
645 60.85229999999999
646 60.942
647 61.03920000000003
648 61.12620000000004
649 61.219900000000074
650 61.31940000000001
651 61.41329999999997
652 61.511400000000016
653 61.61009999999996
654 61.716199999999965
655 61.81479999999996
656 61.913100000000014
657 62.01350000000003
658 62.10669999999988
659 62.20250000000001
660 62.29949999999997
661 62.38949999999998
662 62.480899999999984
663 62.577699999999965
664 62.669699999999985
665 62.76820000000002
666 62.86349999999999
667 62.961600000000004
668 63.0577
669 63.1446999999999
670 63.23600000000001
671 63.32140000000001
672 63.40810000000001
673 63.50499999999999
674 63.59510000000001
675 63.68649999999999
676 63.778599999999955
677 63.86850000000003
678 63.96550000000001
679 64.06179999999998
680 64.16049999999991
681 64.25989999999992
682 64.35870000000001
683 64.45240000000001
684 64.54019999999997
685 64.63699999999997
686 64.73340000000002
687 64.83210000000001
688 64.927
689 65.02059999999994
690 65.11589999999998
691 65.20950000000006
692 65.29530000000003
693 65.39079999999997
694 65.48159999999999
695 65.5792
696 65.6736
697 65.76870000000002
698 65.86290000000001
699 65.95770000000006
700 66.0486
701 66.13729999999998
702 66.23240000000001
703 66.33220000000004
704 66.43369999999999
705 66.53059999999998
706 66.62709999999996
707 66.72230000000002
708 66.82010000000002
709 66.90559999999999
710 67.00270000000002
711 67.0993999999999
712 67.18999999999994
713 67.28079999999993
714 67.36880000000005
715 67.4579
716 67.54780000000001
717 67.64150000000001
718 67.73239999999998
719 67.82500000000005
720 67.91740000000001
721 68.0107
722 68.1051
723 68.20069999999997
724 68.28849999999998
725 68.37510000000003
726 68.46770000000002
727 68.559
728 68.64530000000002
729 68.73289999999994
730 68.82059999999998
731 68.91369999999996
732 69.00739999999998
733 69.099
734 69.19340000000001
735 69.28580000000001
736 69.37500000000001
737 69.46700000000003
738 69.56200000000001
739 69.65229999999994
740 69.74969999999999
741 69.8496000000001
742 69.94650000000004
743 70.04150000000004
744 70.13340000000001
745 70.22410000000004
746 70.31679999999999
747 70.40930000000002
748 70.50329999999995
749 70.59219999999998
750 70.68280000000006
751 70.78260000000009
752 70.88200000000003
753 70.9751
754 71.07509999999999
755 71.16269999999994
756 71.24730000000001
757 71.33229999999999
758 71.42710000000005
759 71.52610000000001
760 71.61980000000005
761 71.71560000000005
762 71.80969999999999
763 71.90189999999997
764 71.99779999999996
765 72.08730000000001
766 72.18129999999998
767 72.27200000000008
768 72.36250000000003
769 72.4581
770 72.55409999999999
771 72.65069999999999
772 72.7465999999999
773 72.84130000000002
774 72.9387
775 73.0346
776 73.12599999999999
777 73.21849999999996
778 73.31040000000003
779 73.40400000000002
780 73.49860000000001
781 73.58729999999997
782 73.67649999999989
783 73.77539999999995
784 73.87400000000002
785 73.96550000000002
786 74.0603
787 74.1553
788 74.2482
789 74.34039999999997
790 74.43279999999997
791 74.53379999999999
792 74.63070000000002
793 74.72530000000002
794 74.81989999999999
795 74.91589999999997
796 75.01280000000004
797 75.10190000000004
798 75.19569999999997
799 75.29190000000003
800 75.38499999999995
801 75.48699999999997
802 75.58319999999996
803 75.67790000000008
804 75.77290000000008
805 75.86299999999999
806 75.95000000000005
807 76.04110000000001
808 76.1365
809 76.22589999999995
810 76.32580000000002
811 76.41760000000005
812 76.50939999999997
813 76.60400000000001
814 76.69009999999994
815 76.78310000000006
816 76.87260000000003
817 76.9679
818 77.06489999999997
819 77.16279999999989
820 77.26550000000003
821 77.36530000000005
822 77.46400000000004
823 77.56609999999993
824 77.65619999999996
825 77.75839999999995
826 77.86239999999997
827 77.95470000000005
828 78.04320000000001
829 78.13800000000002
830 78.23139999999991
831 78.32680000000006
832 78.41980000000007
833 78.51640000000002
834 78.60610000000007
835 78.70480000000005
836 78.79490000000004
837 78.89380000000007
838 78.98440000000001
839 79.07890000000003
840 79.17610000000005
841 79.27809999999998
842 79.37280000000003
843 79.46269999999997
844 79.55919999999995
845 79.65059999999997
846 79.74199999999998
847 79.82589999999998
848 79.9221
849 80.01929999999994
850 80.11010000000005
851 80.20320000000004
852 80.29629999999999
853 80.39479999999995
854 80.49139999999991
855 80.59099999999995
856 80.68840000000004
857 80.78470000000002
858 80.87740000000002
859 80.97470000000001
860 81.06800000000007
861 81.15889999999993
862 81.24790000000003
863 81.33909999999997
864 81.43000000000002
865 81.52390000000007
866 81.61940000000004
867 81.71140000000001
868 81.80689999999993
869 81.90029999999996
870 81.99139999999997
871 82.07859999999998
872 82.16829999999999
873 82.2605
874 82.34879999999994
875 82.44849999999997
876 82.53919999999995
877 82.63489999999992
878 82.73180000000002
879 82.81930000000003
880 82.91040000000004
881 83.00869999999998
882 83.10170000000005
883 83.19690000000003
884 83.2891
885 83.38159999999999
886 83.47689999999994
887 83.56839999999997
888 83.66150000000005
889 83.75319999999996
890 83.84559999999996
891 83.92859999999996
892 84.02639999999998
893 84.12439999999994
894 84.2203
895 84.31450000000001
896 84.41829999999992
897 84.5182
898 84.6155999999999
899 84.70709999999997
900 84.80639999999995
901 84.8906
902 84.97689999999993
903 85.06850000000003
904 85.16039999999995
905 85.24810000000002
906 85.33719999999992
907 85.43220000000002
908 85.52400000000002
909 85.61760000000007
910 85.70790000000011
911 85.80139999999993
912 85.89590000000007
913 85.99119999999994
914 86.08009999999989
915 86.17300000000002
916 86.2649
917 86.3598
918 86.44949999999999
919 86.54429999999995
920 86.63209999999992
921 86.72560000000001
922 86.82789999999999
923 86.93200000000007
924 87.02780000000004
925 87.12609999999995
926 87.22139999999997
927 87.31150000000011
928 87.41559999999996
929 87.50959999999999
930 87.60999999999996
931 87.70420000000006
932 87.79980000000002
933 87.89529999999996
934 87.9962
935 88.0953
936 88.18529999999991
937 88.27819999999997
938 88.37299999999992
939 88.46879999999997
940 88.56230000000002
941 88.65440000000007
942 88.74600000000007
943 88.83000000000001
944 88.91959999999993
945 89.00930000000002
946 89.09620000000008
947 89.18059999999997
948 89.26800000000014
949 89.35920000000004
950 89.45249999999994
951 89.5396
952 89.62739999999997
953 89.72120000000004
954 89.81030000000004
955 89.89979999999996
956 89.99279999999997
957 90.09000000000002
958 90.1861
959 90.27859999999983
960 90.36699999999992
961 90.4652
962 90.55480000000001
963 90.64689999999999
964 90.74139999999996
965 90.8327999999999
966 90.92280000000007
967 91.00490000000016
968 91.1007000000001
969 91.1924
970 91.2812
971 91.37459999999994
972 91.46530000000007
973 91.54930000000003
974 91.63750000000003
975 91.72990000000009
976 91.82019999999999
977 91.91019999999995
978 92.00630000000004
979 92.10459999999999
980 92.20139999999995
981 92.29350000000001
982 92.3831
983 92.4766
984 92.56540000000003
985 92.66279999999999
986 92.75730000000001
987 92.84969999999998
988 92.94059999999996
989 93.0333
990 93.11840000000002
991 93.20889999999996
992 93.29610000000001
993 93.38010000000007
994 93.47710000000009
995 93.56679999999993
996 93.65209999999989
997 93.74170000000002
998 93.84099999999987
999 93.93589999999992
1000 94.02889999999991
1001 94.12059999999992
1002 94.20970000000004
1003 94.30200000000004
1004 94.39160000000011
1005 94.48020000000011
1006 94.57120000000003
1007 94.65320000000011
1008 94.74460000000002
1009 94.84390000000009
1010 94.94030000000006
1011 95.04010000000005
1012 95.13580000000005
1013 95.2256000000001
1014 95.31079999999996
1015 95.40289999999992
1016 95.48769999999992
1017 95.57450000000013
1018 95.66310000000011
1019 95.74950000000011
1020 95.83730000000003
1021 95.9258
1022 96.01179999999998
1023 96.10279999999996
1024 96.20280000000008
1025 96.29410000000003
1026 96.37979999999996
1027 96.46740000000003
1028 96.55680000000005
1029 96.64239999999998
1030 96.73010000000006
1031 96.82050000000008
1032 96.91210000000008
1033 97.00270000000003
1034 97.0918
1035 97.18050000000005
1036 97.27869999999994
1037 97.3649
1038 97.46170000000012
1039 97.55250000000011
1040 97.64500000000001
1041 97.73539999999996
1042 97.82069999999987
1043 97.90659999999993
1044 97.9978
1045 98.09110000000001
1046 98.18620000000004
1047 98.28039999999999
1048 98.36409999999994
1049 98.45760000000011
1050 98.55109999999998
1051 98.63870000000001
1052 98.72340000000003
1053 98.81350000000008
1054 98.90009999999994
1055 98.98850000000002
1056 99.07469999999995
1057 99.17359999999996
1058 99.2645000000001
1059 99.35440000000001
1060 99.441
1061 99.53180000000005
1062 99.62319999999997
1063 99.7072
1064 99.7944000000001
1065 99.8878
1066 99.97279999999996
1067 100.06460000000003
1068 100.15269999999997
1069 100.23840000000003
1070 100.32689999999998
1071 100.4225000000001
1072 100.50980000000004
1073 100.59659999999991
1074 100.68329999999996
1075 100.77989999999997
1076 100.86630000000002
1077 100.9544
1078 101.04699999999995
1079 101.1403
1080 101.23019999999994
1081 101.31689999999983
1082 101.40379999999996
1083 101.48969999999993
1084 101.57340000000002
1085 101.66380000000002
1086 101.75329999999998
1087 101.84159999999997
1088 101.93229999999993
1089 102.01959999999991
1090 102.10640000000005
1091 102.1911
1092 102.27890000000005
1093 102.3669000000001
1094 102.4544000000001
1095 102.54189999999996
1096 102.62720000000004
1097 102.71340000000006
1098 102.79739999999994
1099 102.88509999999992
1100 102.97229999999999
1101 103.05700000000007
1102 103.14570000000009
1103 103.23390000000009
1104 103.32030000000006
1105 103.40970000000004
1106 103.49539999999995
1107 103.57959999999996
1108 103.66609999999997
1109 103.7544
1110 103.83880000000003
1111 103.93230000000005
1112 104.0171
1113 104.09760000000001
1114 104.1775000000001
1115 104.2669
1116 104.35089999999987
1117 104.4253
1118 104.50730000000009
1119 104.58340000000007
1120 104.66639999999995
1121 104.75209999999998
1122 104.8307999999999
1123 104.9093
1124 104.98889999999993
1125 105.07450000000004
1126 105.15260000000002
1127 105.23590000000009
1128 105.32030000000005
1129 105.39829999999996
1130 105.48129999999999
1131 105.56339999999986
1132 105.6427
1133 105.72579999999996
1134 105.81279999999994
1135 105.9003000000001
1136 105.99149999999999
1137 106.07520000000001
1138 106.16500000000002
1139 106.25690000000004
1140 106.34590000000001
1141 106.42679999999996
1142 106.5115000000001
1143 106.5924
1144 106.66859999999998
1145 106.75089999999997
1146 106.82870000000001
1147 106.90370000000007
1148 106.97970000000005
1149 107.05780000000003
1150 107.13619999999997
1151 107.2185
1152 107.29200000000004
1153 107.37710000000004
1154 107.45820000000005
1155 107.54169999999996
1156 107.6205
1157 107.69880000000009
1158 107.77440000000013
1159 107.85700000000003
1160 107.94050000000007
1161 108.02239999999996
1162 108.10220000000007
1163 108.18150000000003
1164 108.26680000000009
1165 108.34960000000004
1166 108.42959999999998
1167 108.50989999999994
1168 108.59160000000001
1169 108.67310000000002
1170 108.75670000000004
1171 108.8428
1172 108.92630000000014
1173 109.00429999999996
1174 109.08509999999995
1175 109.17280000000002
1176 109.26599999999996
1177 109.35020000000003
1178 109.43260000000005
1179 109.51589999999995
1180 109.5964
1181 109.68260000000008
1182 109.76800000000001
1183 109.84920000000007
1184 109.92630000000011
1185 110.00520000000009
1186 110.08439999999999
1187 110.16260000000011
1188 110.24
1189 110.31759999999996
1190 110.39920000000001
1191 110.4842
1192 110.56600000000009
1193 110.64529999999998
1194 110.72270000000009
1195 110.80340000000001
1196 110.88299999999998
1197 110.96090000000005
1198 111.03880000000004
1199 111.1096
1200 111.19140000000004
1201 111.2681000000001
1202 111.3438000000001
1203 111.41969999999999
1204 111.49400000000006
1205 111.5721
1206 111.64979999999998
1207 111.72420000000004
1208 111.79910000000001
1209 111.87050000000006
1210 111.9529
1211 112.02560000000013
1212 112.10530000000001
1213 112.17730000000002
1214 112.25250000000005
1215 112.32429999999998
1216 112.39640000000003
1217 112.47319999999996
1218 112.54769999999989
1219 112.6242
1220 112.69580000000005
1221 112.76910000000012
1222 112.8403000000001
1223 112.91490000000005
1224 112.99280000000002
1225 113.06859999999996
1226 113.14159999999994
1227 113.21579999999997
1228 113.2874
1229 113.35830000000009
1230 113.42530000000009
1231 113.5001
1232 113.57760000000006
1233 113.64930000000007
1234 113.72059999999995
1235 113.799
1236 113.87799999999994
1237 113.95010000000013
1238 114.02070000000002
1239 114.09849999999992
1240 114.17159999999991
1241 114.24140000000003
1242 114.313
1243 114.38319999999999
1244 114.45450000000004
1245 114.52400000000003
1246 114.5946
1247 114.67060000000001
1248 114.73769999999999
1249 114.81039999999997
1250 114.8801
1251 114.95129999999999
1252 115.01580000000003
1253 115.08440000000002
1254 115.15039999999999
1255 115.22269999999993
1256 115.2819
1257 115.34979999999996
1258 115.4164999999999
1259 115.48359999999995
1260 115.55179999999996
1261 115.62429999999996
1262 115.69790000000002
1263 115.77219999999996
1264 115.83929999999998
1265 115.91189999999999
1266 115.9846
1267 116.05289999999991
1268 116.12429999999996
1269 116.18979999999998
1270 116.25669999999997
1271 116.32630000000002
1272 116.38960000000004
1273 116.45440000000006
1274 116.51469999999999
1275 116.58199999999998
1276 116.64709999999998
1277 116.71589999999998
1278 116.77970000000006
1279 116.84309999999996
1280 116.9056
1281 116.9711999999999
1282 117.0393000000001
1283 117.10660000000001
1284 117.17059999999998
1285 117.23600000000006
1286 117.3004999999999
1287 117.36959999999995
1288 117.43159999999997
1289 117.49759999999999
1290 117.56630000000001
1291 117.63299999999995
1292 117.69850000000002
1293 117.76419999999999
1294 117.83359999999999
1295 117.9011
1296 117.96549999999999
1297 118.03120000000001
1298 118.09709999999991
1299 118.1603
1300 118.22280000000003
1301 118.29140000000011
1302 118.35530000000004
1303 118.41810000000001
1304 118.4841
1305 118.54900000000016
1306 118.61000000000004
1307 118.66920000000009
1308 118.72730000000001
1309 118.78440000000006
1310 118.84410000000007
1311 118.90410000000007
1312 118.96200000000007
1313 119.02570000000007
1314 119.09070000000006
1315 119.15379999999995
1316 119.22069999999995
1317 119.28030000000001
1318 119.34250000000009
1319 119.39290000000008
1320 119.44860000000014
1321 119.51160000000002
1322 119.57499999999997
1323 119.63979999999988
1324 119.70439999999992
1325 119.76639999999995
1326 119.82830000000004
1327 119.89170000000003
1328 119.9537
1329 120.01410000000004
1330 120.07800000000012
1331 120.13980000000004
1332 120.19659999999999
1333 120.2512
1334 120.30569999999993
1335 120.36129999999994
1336 120.42079999999999
1337 120.48080000000009
1338 120.53920000000008
1339 120.59829999999992
1340 120.65449999999991
1341 120.71299999999995
1342 120.77920000000002
1343 120.84059999999998
1344 120.89910000000008
1345 120.95829999999997
1346 121.01900000000006
1347 121.07850000000003
1348 121.13620000000003
1349 121.19530000000006
1350 121.25039999999998
1351 121.30789999999999
1352 121.36920000000003
1353 121.42580000000004
1354 121.48199999999993
1355 121.54279999999999
1356 121.59859999999999
1357 121.65699999999998
1358 121.71160000000003
1359 121.76450000000003
1360 121.82260000000002
1361 121.87840000000008
1362 121.93350000000005
1363 121.99230000000006
1364 122.05370000000005
1365 122.11260000000003
1366 122.1719000000001
1367 122.22660000000006
1368 122.2865
1369 122.34320000000004
1370 122.39970000000002
1371 122.45519999999988
1372 122.50499999999995
1373 122.55609999999994
1374 122.61319999999996
1375 122.6694
1376 122.72240000000001
1377 122.77659999999997
1378 122.83000000000014
1379 122.88380000000008
1380 122.93680000000008
1381 122.99130000000007
1382 123.05140000000003
1383 123.10359999999999
1384 123.15679999999998
1385 123.21119999999999
1386 123.26739999999995
1387 123.31819999999988
1388 123.36980000000003
1389 123.42470000000004
1390 123.47620000000002
1391 123.531
1392 123.58019999999999
1393 123.63340000000007
1394 123.68580000000003
1395 123.74279999999999
1396 123.79909999999995
1397 123.85339999999998
1398 123.90040000000009
1399 123.9552
1400 124.0091
1401 124.06020000000004
1402 124.11460000000007
1403 124.16710000000012
1404 124.22269999999997
1405 124.27280000000003
1406 124.32450000000007
1407 124.38190000000012
1408 124.43470000000005
1409 124.48360000000005
1410 124.53610000000003
1411 124.59470000000005
1412 124.64220000000005
1413 124.69000000000011
1414 124.74179999999998
1415 124.7898
1416 124.84100000000004
1417 124.8905000000001
1418 124.94060000000009
1419 124.98390000000006
1420 125.03120000000001
1421 125.0801
1422 125.12910000000001
1423 125.18099999999997
1424 125.23229999999995
1425 125.2804
1426 125.32530000000001
1427 125.36739999999993
1428 125.41889999999998
1429 125.4663
1430 125.51580000000001
1431 125.56049999999998
1432 125.61030000000004
1433 125.65939999999996
1434 125.70450000000001
1435 125.75800000000007
1436 125.80680000000008
1437 125.8603
1438 125.90520000000005
1439 125.95270000000006
1440 126.00479999999995
1441 126.05249999999992
1442 126.09769999999999
1443 126.14229999999996
1444 126.19390000000007
1445 126.24300000000004
1446 126.2898000000001
1447 126.33900000000006
1448 126.39020000000006
1449 126.44060000000006
1450 126.49260000000001
1451 126.54570000000001
1452 126.59399999999998
1453 126.64660000000006
1454 126.6964
1455 126.7414
1456 126.78709999999998
1457 126.82879999999992
1458 126.87500000000003
1459 126.91770000000008
1460 126.96280000000006
1461 127.00779999999993
1462 127.05709999999999
1463 127.10080000000008
1464 127.1491000000001
1465 127.19620000000008
1466 127.23910000000002
1467 127.28190000000004
1468 127.32260000000002
1469 127.36100000000003
1470 127.40400000000004
1471 127.4437
1472 127.48580000000003
1473 127.52460000000008
1474 127.56959999999997
1475 127.61399999999993
1476 127.6556
