0 0.0
1 0.07930000000000026
2 0.1548000000000003
3 0.2496999999999998
4 0.3377999999999998
5 0.4205000000000003
6 0.5165000000000003
7 0.6085000000000002
8 0.7005999999999997
9 0.7869999999999997
10 0.8870000000000001
11 0.9819000000000002
12 1.0687000000000006
13 1.1677999999999997
14 1.2571
15 1.3478000000000006
16 1.438699999999999
17 1.5346999999999995
18 1.6289999999999998
19 1.7283000000000002
20 1.8246000000000004
21 1.918900000000001
22 2.0096000000000003
23 2.102700000000002
24 2.194000000000001
25 2.2898000000000023
26 2.378500000000004
27 2.469300000000001
28 2.568500000000001
29 2.6662
30 2.7586
31 2.856800000000001
32 2.948399999999998
33 3.0405000000000015
34 3.1302000000000008
35 3.2231999999999976
36 3.3111999999999995
37 3.3969000000000036
38 3.493799999999997
39 3.5824000000000007
40 3.674699999999999
41 3.7712
42 3.864899999999999
43 3.9550999999999985
44 4.045199999999999
45 4.137699999999998
46 4.234200000000001
47 4.330099999999995
48 4.4308000000000005
49 4.529400000000001
50 4.629799999999999
51 4.727600000000001
52 4.830000000000005
53 4.932500000000001
54 5.025099999999998
55 5.118400000000001
56 5.217599999999995
57 5.313499999999997
58 5.408100000000001
59 5.508099999999999
60 5.6024999999999965
61 5.692599999999998
62 5.779499999999997
63 5.8680999999999965
64 5.963100000000001
65 6.059299999999999
66 6.155899999999999
67 6.252699999999998
68 6.348000000000003
69 6.439499999999991
70 6.5333000000000006
71 6.629400000000003
72 6.725500000000001
73 6.8259000000000025
74 6.921900000000003
75 7.0153999999999925
76 7.1110999999999995
77 7.2068000000000065
78 7.301600000000009
79 7.398600000000007
80 7.496899999999997
81 7.594199999999991
82 7.693
83 7.785400000000004
84 7.878899999999998
85 7.975099999999997
86 8.06610000000001
87 8.160399999999996
88 8.250300000000001
89 8.3411
90 8.435799999999992
91 8.53339999999999
92 8.633199999999999
93 8.733000000000008
94 8.832100000000011
95 8.930400000000006
96 9.017800000000003
97 9.113600000000002
98 9.204999999999998
99 9.302400000000002
100 9.391300000000001
101 9.477599999999995
102 9.5671
103 9.659900000000011
104 9.754100000000005
105 9.849400000000003
106 9.940600000000007
107 10.0335
108 10.124400000000001
109 10.221799999999998
110 10.312999999999986
111 10.410899999999998
112 10.505899999999999
113 10.602400000000003
114 10.696800000000005
115 10.794500000000014
116 10.889900000000004
117 10.982299999999997
118 11.080800000000002
119 11.178900000000008
120 11.274600000000003
121 11.373099999999997
122 11.468599999999999
123 11.563700000000004
124 11.659000000000017
125 11.755900000000004
126 11.859900000000001
127 11.956500000000007
128 12.053600000000003
129 12.148700000000007
130 12.251399999999997
131 12.345900000000016
132 12.440199999999999
133 12.534900000000016
134 12.630500000000005
135 12.719
136 12.812599999999994
137 12.911299999999999
138 13.009000000000007
139 13.1027
140 13.2012
141 13.3012
142 13.399799999999999
143 13.4976
144 13.593699999999997
145 13.677399999999992
146 13.772799999999982
147 13.868400000000001
148 13.9598
149 14.066000000000006
150 14.159899999999997
151 14.257200000000001
152 14.352200000000026
153 14.446700000000018
154 14.539200000000005
155 14.631600000000004
156 14.727200000000005
157 14.819399999999996
158 14.913599999999999
159 15.000800000000002
160 15.092599999999996
161 15.186600000000004
162 15.281899999999995
163 15.377400000000002
164 15.466699999999985
165 15.5551
166 15.652000000000008
167 15.749200000000002
168 15.840699999999998
169 15.939100000000002
170 16.02920000000001
171 16.12409999999999
172 16.21619999999999
173 16.312499999999996
174 16.40650000000001
175 16.498299999999986
176 16.591900000000006
177 16.689
178 16.776199999999992
179 16.872799999999994
180 16.9732
181 17.070200000000007
182 17.16849999999999
183 17.265599999999996
184 17.353900000000007
185 17.450000000000003
186 17.549200000000017
187 17.648700000000012
188 17.745600000000017
189 17.843300000000013
190 17.942599999999985
191 18.04059999999999
192 18.13789999999999
193 18.231399999999994
194 18.319700000000026
195 18.413199999999996
196 18.516799999999993
197 18.60999999999999
198 18.705099999999998
199 18.80510000000001
200 18.905199999999983
201 18.998500000000014
202 19.090799999999994
203 19.1842
204 19.272499999999997
205 19.366700000000016
206 19.4579
207 19.55759999999998
208 19.646399999999975
209 19.738800000000015
210 19.83020000000001
211 19.924699999999998
212 20.018800000000017
213 20.109699999999982
214 20.205900000000007
215 20.302799999999994
216 20.396700000000003
217 20.490700000000007
218 20.580099999999987
219 20.671099999999992
220 20.75859999999998
221 20.8485
222 20.9394
223 21.0346
224 21.121299999999998
225 21.217799999999997
226 21.309799999999992
227 21.409099999999984
228 21.499299999999998
229 21.596099999999993
230 21.697399999999977
231 21.786599999999993
232 21.87600000000001
233 21.97030000000001
234 22.06550000000003
235 22.154099999999985
236 22.243700000000015
237 22.334500000000013
238 22.432399999999966
239 22.530399999999972
240 22.62319999999998
241 22.716700000000017
242 22.8139
243 22.91109999999999
244 23.005299999999995
245 23.098
246 23.19699999999998
247 23.29739999999998
248 23.393899999999988
249 23.49539999999999
250 23.589999999999986
251 23.68000000000001
252 23.77799999999999
253 23.8755
254 23.968300000000006
255 24.065400000000007
256 24.1588
257 24.25379999999998
258 24.348399999999987
259 24.449800000000014
260 24.5478
261 24.646499999999996
262 24.740900000000007
263 24.83460000000001
264 24.928400000000014
265 25.022700000000004
266 25.12059999999997
267 25.21729999999999
268 25.31480000000001
269 25.408500000000007
270 25.49939999999997
271 25.597799999999992
272 25.69760000000001
273 25.792799999999993
274 25.8858
275 25.978099999999966
276 26.0721
277 26.158300000000004
278 26.253400000000003
279 26.344699999999992
280 26.44249999999997
281 26.533000000000005
282 26.619599999999995
283 26.71130000000001
284 26.79929999999997
285 26.897199999999984
286 26.994199999999985
287 27.093000000000007
288 27.1938
289 27.29039999999999
290 27.379199999999997
291 27.4696
292 27.5551
293 27.6522
294 27.748699999999996
295 27.8479
296 27.946600000000007
297 28.041299999999996
298 28.132999999999974
299 28.229399999999984
300 28.326499999999996
301 28.42270000000001
302 28.523700000000016
303 28.616900000000008
304 28.714600000000033
305 28.802700000000023
306 28.898499999999995
307 28.993400000000022
308 29.084000000000014
309 29.175000000000015
310 29.269699999999986
311 29.359699999999986
312 29.448800000000006
313 29.54259999999999
314 29.6357
315 29.730999999999973
316 29.826299999999957
317 29.927999999999976
318 30.020099999999985
319 30.116000000000014
320 30.201700000000017
321 30.30150000000004
322 30.392599999999984
323 30.48739999999999
324 30.58619999999999
325 30.685999999999993
326 30.783400000000015
327 30.885099999999994
328 30.98789999999999
329 31.084699999999987
330 31.186300000000003
331 31.280999999999985
332 31.379099999999983
333 31.47800000000002
334 31.573700000000027
335 31.665000000000017
336 31.759600000000006
337 31.8528
338 31.951699999999995
339 32.0552
340 32.1519
341 32.24670000000002
342 32.351300000000016
343 32.452500000000015
344 32.55049999999998
345 32.64220000000003
346 32.7448
347 32.83820000000002
348 32.9368
349 33.0274
350 33.12290000000002
351 33.21590000000002
352 33.310200000000016
353 33.40729999999997
354 33.50270000000002
355 33.59870000000002
356 33.690299999999986
357 33.782999999999966
358 33.87089999999998
359 33.95760000000001
360 34.04980000000002
361 34.14219999999999
362 34.23499999999998
363 34.32240000000004
364 34.418499999999995
365 34.504999999999995
366 34.596799999999995
367 34.68930000000004
368 34.777200000000036
369 34.87400000000002
370 34.9765
371 35.067899999999995
372 35.164500000000004
373 35.26110000000003
374 35.358300000000035
375 35.45610000000006
376 35.548700000000046
377 35.64310000000002
378 35.74130000000001
379 35.83579999999997
380 35.93429999999997
381 36.028400000000055
382 36.1242
383 36.22460000000002
384 36.318400000000004
385 36.41029999999999
386 36.509000000000015
387 36.6039
388 36.6987
389 36.79429999999999
390 36.894700000000014
391 36.992
392 37.086499999999994
393 37.17539999999999
394 37.27179999999998
395 37.36360000000003
396 37.45859999999997
397 37.555600000000005
398 37.651600000000016
399 37.744899999999994
400 37.8421
401 37.93599999999999
402 38.03180000000003
403 38.119800000000026
404 38.20710000000005
405 38.298700000000004
406 38.39430000000001
407 38.48930000000001
408 38.582000000000015
409 38.66850000000004
410 38.76310000000001
411 38.85040000000002
412 38.940299999999965
413 39.028199999999984
414 39.120499999999986
415 39.20709999999997
416 39.291700000000034
417 39.38380000000003
418 39.478500000000004
419 39.569300000000005
420 39.65989999999998
421 39.75800000000003
422 39.85700000000002
423 39.95140000000002
424 40.044599999999946
425 40.130799999999994
426 40.22890000000004
427 40.31730000000001
428 40.4141
429 40.50640000000002
430 40.60260000000004
431 40.69709999999997
432 40.79730000000002
433 40.89370000000001
434 40.99069999999997
435 41.08819999999995
436 41.18049999999999
437 41.273999999999994
438 41.37289999999999
439 41.46649999999997
440 41.56019999999997
441 41.65189999999998
442 41.743900000000004
443 41.8368
444 41.92970000000001
445 42.03330000000001
446 42.13059999999999
447 42.222199999999994
448 42.32029999999998
449 42.4084
450 42.5025
451 42.59159999999999
452 42.691000000000024
453 42.79260000000007
454 42.886099999999985
455 42.99019999999993
456 43.08449999999996
457 43.17990000000004
458 43.27660000000001
459 43.371900000000046
460 43.469399999999986
461 43.568
462 43.66750000000005
463 43.75519999999998
464 43.845399999999984
465 43.937899999999935
466 44.03029999999998
467 44.128400000000035
468 44.22030000000001
469 44.31849999999997
470 44.42280000000001
471 44.51369999999998
472 44.60960000000004
473 44.706300000000084
474 44.7974
475 44.89549999999998
476 44.9835
477 45.08069999999999
478 45.17229999999999
479 45.2635
480 45.360599999999984
481 45.4594
482 45.55420000000003
483 45.64740000000001
484 45.73860000000003
485 45.83180000000002
486 45.9254
487 46.014800000000044
488 46.1027
489 46.20450000000002
490 46.30210000000001
491 46.39540000000002
492 46.49200000000006
493 46.585000000000036
494 46.671600000000005
495 46.7709
496 46.86130000000001
497 46.94850000000001
498 47.048000000000044
499 47.14180000000006
500 47.228799999999964
501 47.3211
502 47.41310000000004
503 47.51030000000001
504 47.60300000000005
505 47.7
506 47.7916
507 47.87350000000002
508 47.968899999999984
509 48.06269999999999
510 48.153099999999974
511 48.25239999999998
512 48.34970000000006
513 48.44570000000008
514 48.53590000000003
515 48.63760000000002
516 48.73160000000004
517 48.825100000000006
518 48.91890000000003
519 49.010000000000005
520 49.10439999999997
521 49.197199999999995
522 49.28700000000002
523 49.37600000000003
524 49.46970000000002
525 49.562200000000054
526 49.654300000000006
527 49.7429
528 49.83179999999996
529 49.92579999999996
530 50.01700000000002
531 50.1142
532 50.20060000000001
533 50.29580000000005
534 50.38900000000001
535 50.484
536 50.57119999999998
537 50.66320000000002
538 50.75389999999997
539 50.846500000000034
540 50.9364
541 51.02349999999997
542 51.113299999999995
543 51.206399999999995
544 51.30280000000005
545 51.401700000000005
546 51.49740000000004
547 51.58990000000005
548 51.680600000000034
549 51.78739999999997
550 51.888199999999955
551 51.97809999999998
552 52.07419999999994
553 52.17169999999996
554 52.26939999999995
555 52.37049999999999
556 52.461399999999955
557 52.54829999999997
558 52.6408
559 52.73569999999998
560 52.831300000000034
561 52.92960000000003
562 53.02660000000004
563 53.12260000000007
564 53.21500000000005
565 53.305799999999984
566 53.389500000000034
567 53.48130000000004
568 53.5787
569 53.676199999999994
570 53.7672
571 53.86310000000001
572 53.96030000000003
573 54.05350000000005
574 54.14329999999998
575 54.234699999999975
576 54.32680000000002
577 54.4174
578 54.50779999999999
579 54.60239999999998
580 54.6944
581 54.793099999999974
582 54.88589999999996
583 54.97920000000001
584 55.077700000000014
585 55.169599999999974
586 55.26339999999995
587 55.36250000000002
588 55.45750000000004
589 55.55030000000001
590 55.65000000000008
591 55.74859999999997
592 55.840699999999984
593 55.94010000000004
594 56.03140000000006
595 56.124999999999986
596 56.2147
597 56.30959999999998
598 56.39809999999999
599 56.49199999999996
600 56.585899999999995
601 56.68259999999997
602 56.78339999999999
603 56.882999999999996
604 56.97240000000003
605 57.05780000000006
606 57.14840000000002
607 57.23870000000002
608 57.32939999999998
609 57.41960000000002
610 57.51499999999997
611 57.6129
612 57.70810000000001
613 57.79820000000002
614 57.890500000000024
615 57.98560000000003
616 58.07980000000001
617 58.1722
618 58.262099999999975
619 58.34910000000002
620 58.43960000000005
621 58.53599999999998
622 58.63280000000001
623 58.72829999999998
624 58.82349999999994
625 58.916999999999994
626 59.00760000000004
627 59.10700000000001
628 59.20439999999995
629 59.29669999999993
630 59.38320000000004
631 59.47440000000006
632 59.56390000000003
633 59.65469999999998
634 59.7448
635 59.84290000000002
636 59.93830000000004
637 60.03419999999999
638 60.13099999999999
639 60.225699999999975
640 60.31929999999999
641 60.40720000000003
642 60.50659999999997
643 60.603299999999976
644 60.69600000000003
645 60.79030000000008
646 60.89170000000002
647 60.987199999999966
648 61.079599999999985
649 61.179499999999955
650 61.27769999999999
651 61.37220000000006
652 61.46240000000001
653 61.55910000000005
654 61.65569999999993
655 61.74859999999999
656 61.83920000000002
657 61.93560000000003
658 62.03520000000002
659 62.13189999999998
660 62.23009999999996
661 62.328100000000006
662 62.42639999999995
663 62.527399999999986
664 62.616699999999966
665 62.705299999999944
666 62.79489999999999
667 62.891800000000025
668 62.97889999999999
669 63.06539999999999
670 63.15589999999997
671 63.24690000000001
672 63.34289999999998
673 63.43899999999995
674 63.53700000000006
675 63.629900000000006
676 63.73319999999999
677 63.8302
678 63.935600000000036
679 64.03299999999999
680 64.12960000000007
681 64.22299999999997
682 64.31310000000002
683 64.4102
684 64.50280000000008
685 64.5928
686 64.68119999999999
687 64.77189999999997
688 64.85839999999997
689 64.94199999999996
690 65.03019999999998
691 65.12410000000006
692 65.22080000000004
693 65.31380000000001
694 65.41100000000002
695 65.50700000000003
696 65.59949999999995
697 65.69750000000002
698 65.79400000000005
699 65.88539999999996
700 65.9791
701 66.07479999999997
702 66.17649999999998
703 66.26720000000002
704 66.36409999999995
705 66.45699999999992
706 66.55980000000004
707 66.65670000000003
708 66.75859999999996
709 66.85189999999997
710 66.94989999999996
711 67.04929999999999
712 67.1467
713 67.243
714 67.3411
715 67.43029999999996
716 67.5282
717 67.62199999999993
718 67.72269999999995
719 67.8166
720 67.9071
721 67.99629999999996
722 68.08659999999999
723 68.17760000000006
724 68.27229999999999
725 68.36630000000008
726 68.46230000000003
727 68.56269999999998
728 68.65790000000005
729 68.74720000000005
730 68.83950000000004
731 68.93860000000001
732 69.04370000000002
733 69.13759999999999
734 69.23450000000001
735 69.33010000000004
736 69.42040000000004
737 69.51649999999995
738 69.61449999999996
739 69.70430000000003
740 69.79449999999999
741 69.89269999999998
742 69.98450000000003
743 70.07610000000001
744 70.16969999999996
745 70.26980000000007
746 70.36609999999997
747 70.45720000000004
748 70.55009999999997
749 70.63899999999994
750 70.73009999999994
751 70.81909999999999
752 70.90499999999997
753 70.99420000000003
754 71.09439999999995
755 71.18449999999999
756 71.27409999999999
757 71.36580000000001
758 71.46050000000002
759 71.55079999999994
760 71.6517999999999
761 71.74670000000002
762 71.83870000000002
763 71.9337
764 72.026
765 72.12189999999994
766 72.21410000000003
767 72.30690000000001
768 72.40359999999995
769 72.49779999999998
770 72.58989999999999
771 72.6942
772 72.78629999999997
773 72.88019999999999
774 72.97739999999999
775 73.07590000000002
776 73.17109999999997
777 73.27019999999999
778 73.36650000000006
779 73.46270000000001
780 73.55140000000006
781 73.6478
782 73.73979999999993
783 73.83480000000002
784 73.93549999999998
785 74.02349999999997
786 74.1189
787 74.21599999999994
788 74.30939999999998
789 74.403
790 74.49130000000005
791 74.58380000000002
792 74.67680000000003
793 74.77210000000001
794 74.86389999999996
795 74.95930000000004
796 75.05249999999995
797 75.1469
798 75.24100000000001
799 75.327
800 75.41540000000003
801 75.50289999999994
802 75.59339999999997
803 75.6861000000001
804 75.78109999999995
805 75.87089999999999
806 75.96339999999994
807 76.06059999999995
808 76.15039999999998
809 76.24359999999996
810 76.33909999999992
811 76.43480000000008
812 76.53489999999996
813 76.6364
814 76.7335
815 76.83420000000002
816 76.93579999999996
817 77.03370000000002
818 77.12839999999998
819 77.2224999999999
820 77.31799999999996
821 77.40790000000001
822 77.5076
823 77.6014999999999
824 77.69480000000001
825 77.78189999999998
826 77.88219999999998
827 77.97580000000002
828 78.07430000000006
829 78.17050000000005
830 78.26719999999999
831 78.36510000000004
832 78.46200000000005
833 78.56379999999993
834 78.66549999999995
835 78.76220000000005
836 78.85179999999997
837 78.94569999999999
838 79.03649999999999
839 79.12720000000002
840 79.2271999999999
841 79.32119999999993
842 79.4182000000001
843 79.51119999999995
844 79.60129999999994
845 79.69469999999995
846 79.78790000000002
847 79.88260000000004
848 79.97820000000006
849 80.07110000000009
850 80.16730000000001
851 80.26849999999997
852 80.35739999999998
853 80.45239999999997
854 80.54559999999996
855 80.63389999999997
856 80.72699999999999
857 80.81989999999998
858 80.9185
859 81.01600000000006
860 81.10939999999998
861 81.20549999999993
862 81.29970000000002
863 81.4042999999999
864 81.49690000000001
865 81.58910000000003
866 81.68719999999996
867 81.78250000000001
868 81.86950000000002
869 81.9612
870 82.05089999999991
871 82.14129999999999
872 82.23629999999994
873 82.32880000000007
874 82.41589999999998
875 82.5076000000001
876 82.60390000000002
877 82.6942999999999
878 82.79079999999996
879 82.88739999999994
880 82.97280000000006
881 83.07010000000004
882 83.16600000000001
883 83.2602
884 83.3541
885 83.45480000000002
886 83.55329999999996
887 83.65200000000004
888 83.7445
889 83.8387999999999
890 83.93200000000003
891 84.02810000000002
892 84.12729999999995
893 84.21749999999999
894 84.31390000000006
895 84.40649999999998
896 84.50690000000004
897 84.60620000000009
898 84.70219999999988
899 84.79389999999991
900 84.8939999999999
901 84.98960000000002
902 85.08360000000003
903 85.17800000000007
904 85.26869999999997
905 85.36080000000011
906 85.45590000000006
907 85.55360000000006
908 85.6431
909 85.74089999999998
910 85.84069999999994
911 85.93089999999998
912 86.02379999999997
913 86.12239999999993
914 86.22349999999999
915 86.31570000000005
916 86.41350000000008
917 86.5063000000001
918 86.5993
919 86.6883
920 86.7801
921 86.87070000000003
922 86.96200000000009
923 87.05440000000009
924 87.14420000000007
925 87.23469999999995
926 87.33009999999992
927 87.42070000000001
928 87.51290000000009
929 87.60709999999997
930 87.6968
931 87.79079999999998
932 87.88809999999992
933 87.98070000000003
934 88.07839999999995
935 88.17839999999993
936 88.26749999999994
937 88.36369999999995
938 88.4549
939 88.54329999999999
940 88.63279999999993
941 88.72229999999998
942 88.8207999999999
943 88.91869999999992
944 89.01179999999998
945 89.10229999999993
946 89.19830000000002
947 89.29810000000002
948 89.38579999999999
949 89.47999999999995
950 89.57159999999996
951 89.66049999999991
952 89.75840000000005
953 89.8598999999999
954 89.9487999999999
955 90.0434
956 90.14159999999991
957 90.23459999999994
958 90.32919999999999
959 90.42660000000004
960 90.5225000000001
961 90.62180000000001
962 90.7246999999999
963 90.82120000000005
964 90.91860000000004
965 91.01239999999996
966 91.10949999999998
967 91.20250000000003
968 91.30010000000001
969 91.38979999999991
970 91.48560000000002
971 91.57880000000002
972 91.67179999999988
973 91.7624
974 91.85490000000019
975 91.94560000000008
976 92.03520000000007
977 92.12939999999996
978 92.21859999999997
979 92.30989999999993
980 92.40790000000004
981 92.49799999999999
982 92.5866
983 92.67910000000006
984 92.77460000000004
985 92.87239999999994
986 92.96220000000004
987 93.0548
988 93.1483000000001
989 93.24529999999996
990 93.34840000000004
991 93.44730000000001
992 93.54270000000014
993 93.639
994 93.7307999999999
995 93.82359999999997
996 93.91889999999991
997 94.01529999999985
998 94.10569999999996
999 94.19550000000004
1000 94.28970000000007
1001 94.38239999999995
1002 94.47649999999994
1003 94.56749999999994
1004 94.66359999999993
1005 94.75149999999995
1006 94.84490000000001
1007 94.93459999999989
1008 95.03259999999996
1009 95.12310000000004
1010 95.21290000000005
1011 95.30860000000014
1012 95.39370000000002
1013 95.48010000000001
1014 95.57479999999998
1015 95.66600000000004
1016 95.76220000000008
1017 95.86090000000002
1018 95.95409999999998
1019 96.04689999999995
1020 96.14220000000005
1021 96.22830000000003
1022 96.31310000000002
1023 96.39639999999994
1024 96.48280000000003
1025 96.57080000000002
1026 96.66629999999998
1027 96.74919999999997
1028 96.84399999999995
1029 96.93299999999998
1030 97.02879999999999
1031 97.12840000000003
1032 97.21389999999997
1033 97.3101999999999
1034 97.40929999999996
1035 97.50179999999992
1036 97.59159999999989
1037 97.68319999999994
1038 97.76830000000012
1039 97.85699999999991
1040 97.94299999999996
1041 98.03380000000008
1042 98.12299999999998
1043 98.2173
1044 98.30210000000001
1045 98.39420000000001
1046 98.47969999999997
1047 98.56779999999995
1048 98.65369999999997
1049 98.74019999999996
1050 98.83210000000004
1051 98.92460000000005
1052 99.00430000000001
1053 99.09159999999993
1054 99.17700000000005
1055 99.2631
1056 99.35240000000009
1057 99.43740000000005
1058 99.52439999999999
1059 99.6132999999999
1060 99.69900000000003
1061 99.78410000000002
1062 99.87620000000003
1063 99.96279999999989
1064 100.05360000000002
1065 100.13649999999988
1066 100.22869999999992
1067 100.32140000000001
1068 100.41219999999994
1069 100.49859999999997
1070 100.58970000000002
1071 100.67670000000005
1072 100.7669000000001
1073 100.84980000000002
1074 100.93740000000003
1075 101.01989999999998
1076 101.10120000000002
1077 101.19589999999997
1078 101.28379999999994
1079 101.3694999999999
1080 101.45329999999983
1081 101.53439999999992
1082 101.62089999999993
1083 101.71039999999986
1084 101.79989999999995
1085 101.88829999999993
1086 101.97529999999999
1087 102.06620000000012
1088 102.15480000000005
1089 102.24509999999994
1090 102.33689999999993
1091 102.42749999999994
1092 102.50919999999986
1093 102.60040000000002
1094 102.68289999999996
1095 102.76779999999997
1096 102.8522999999999
1097 102.93899999999994
1098 103.02310000000007
1099 103.10680000000006
1100 103.19689999999997
1101 103.28299999999997
1102 103.36589999999998
1103 103.45249999999993
1104 103.54039999999998
1105 103.62440000000007
1106 103.70400000000006
1107 103.78500000000008
1108 103.86809999999997
1109 103.95050000000002
1110 104.02969999999995
1111 104.1177999999999
1112 104.2024
1113 104.29059999999993
1114 104.37939999999996
1115 104.46369999999997
1116 104.55060000000002
1117 104.63600000000001
1118 104.71949999999988
1119 104.8074
1120 104.89359999999986
1121 104.98029999999989
1122 105.06769999999993
1123 105.15969999999989
1124 105.24999999999993
1125 105.33829999999989
1126 105.42099999999992
1127 105.50859999999986
1128 105.5996999999999
1129 105.69199999999991
1130 105.77539999999996
1131 105.8625
1132 105.94849999999998
1133 106.02899999999993
1134 106.11480000000003
1135 106.2052
1136 106.29469999999992
1137 106.3812999999999
1138 106.46959999999993
1139 106.55729999999996
1140 106.64750000000008
1141 106.73199999999996
1142 106.81349999999996
1143 106.89929999999993
1144 106.98819999999995
1145 107.0724999999999
1146 107.15069999999993
1147 107.23489999999994
1148 107.3171
1149 107.39919999999996
1150 107.47909999999995
1151 107.56149999999995
1152 107.63999999999989
1153 107.71909999999988
1154 107.80539999999998
1155 107.89719999999993
1156 107.98179999999996
1157 108.06809999999997
1158 108.15099999999998
1159 108.23719999999994
1160 108.31939999999989
1161 108.40239999999991
1162 108.48309999999996
1163 108.56179999999989
1164 108.64299999999992
1165 108.72700000000002
1166 108.81609999999999
1167 108.89909999999999
1168 108.97759999999992
1169 109.05599999999995
1170 109.13509999999991
1171 109.21630000000003
1172 109.29799999999997
1173 109.38099999999993
1174 109.46479999999987
1175 109.53419999999991
1176 109.60959999999987
1177 109.68459999999999
1178 109.76160000000007
1179 109.83649999999996
1180 109.91709999999989
1181 109.99650000000005
1182 110.07169999999996
1183 110.15269999999998
1184 110.2288
1185 110.30279999999999
1186 110.38899999999992
1187 110.47319999999995
1188 110.55009999999994
1189 110.63049999999993
1190 110.7066999999999
1191 110.7804
1192 110.85659999999991
1193 110.93089999999995
1194 111.00939999999993
1195 111.09100000000001
1196 111.16390000000001
1197 111.24020000000002
1198 111.31789999999998
1199 111.39659999999992
1200 111.47470000000006
1201 111.54989999999995
1202 111.63210000000002
1203 111.71470000000004
1204 111.79640000000003
1205 111.87249999999996
1206 111.9453
1207 112.01769999999995
1208 112.08609999999992
1209 112.16160000000004
1210 112.23829999999995
1211 112.30700000000003
1212 112.3799
1213 112.45199999999994
1214 112.52599999999994
1215 112.6
1216 112.66790000000002
1217 112.74289999999998
1218 112.81739999999999
1219 112.89229999999992
1220 112.9730999999999
1221 113.04599999999981
1222 113.11299999999993
1223 113.18610000000005
1224 113.25979999999997
1225 113.33440000000002
1226 113.40690000000001
1227 113.48069999999996
1228 113.56369999999995
1229 113.63819999999991
1230 113.71299999999994
1231 113.7828999999999
1232 113.85829999999997
1233 113.9343000000001
1234 114.0127
1235 114.08359999999993
1236 114.15709999999989
1237 114.22519999999992
1238 114.29370000000003
1239 114.36449999999996
1240 114.43209999999998
1241 114.50089999999987
1242 114.5726
1243 114.64239999999995
1244 114.71280000000004
1245 114.78419999999994
1246 114.84649999999992
1247 114.91850000000001
1248 114.98979999999999
1249 115.05859999999993
1250 115.13189999999997
1251 115.2023
1252 115.26990000000012
1253 115.3374
1254 115.4099
1255 115.47940000000001
1256 115.54920000000004
1257 115.61930000000002
1258 115.68809999999992
1259 115.75179999999989
1260 115.81919999999988
1261 115.88849999999991
1262 115.96069999999996
1263 116.03220000000007
1264 116.09949999999998
1265 116.16919999999992
1266 116.24330000000005
1267 116.31240000000004
1268 116.38269999999997
1269 116.45489999999997
1270 116.52659999999996
1271 116.59629999999991
1272 116.66700000000004
1273 116.73989999999998
1274 116.81109999999991
1275 116.87679999999995
1276 116.94499999999998
1277 117.01350000000005
1278 117.0773
1279 117.1470999999999
1280 117.21349999999998
1281 117.27829999999997
1282 117.34659999999995
1283 117.41630000000012
1284 117.48250000000012
1285 117.54639999999996
1286 117.6112999999999
1287 117.67269999999998
1288 117.73639999999992
1289 117.80149999999992
1290 117.86689999999993
1291 117.93289999999998
1292 117.99820000000004
1293 118.06120000000013
1294 118.12979999999999
1295 118.1948
1296 118.2636
1297 118.32969999999997
1298 118.39419999999991
1299 118.46329999999989
1300 118.52869999999997
1301 118.5937999999999
1302 118.65809999999996
1303 118.7235
1304 118.79099999999997
1305 118.8551
1306 118.91940000000007
1307 118.97780000000003
1308 119.04370000000004
1309 119.1030999999999
1310 119.16479999999994
1311 119.22590000000002
1312 119.29069999999989
1313 119.35720000000003
1314 119.42079999999997
1315 119.49089999999994
1316 119.55749999999988
1317 119.62289999999994
1318 119.68830000000005
1319 119.74990000000001
1320 119.80999999999999
1321 119.87189999999995
1322 119.93989999999994
1323 119.99839999999998
1324 120.05259999999997
1325 120.11420000000008
1326 120.17769999999994
1327 120.2392999999999
1328 120.30119999999991
1329 120.36259999999996
1330 120.42819999999996
1331 120.48969999999987
1332 120.55419999999997
1333 120.61580000000006
1334 120.67689999999996
1335 120.73799999999994
1336 120.79709999999996
1337 120.85809999999985
1338 120.91939999999997
1339 120.98069999999991
1340 121.0472000000001
1341 121.10999999999999
1342 121.1764
1343 121.2420999999999
1344 121.30189999999995
1345 121.36639999999998
1346 121.43010000000001
1347 121.4896
1348 121.5525
1349 121.60890000000005
1350 121.67100000000002
1351 121.73320000000001
1352 121.79370000000004
1353 121.85369999999995
1354 121.91569999999993
1355 121.97749999999992
1356 122.04190000000001
1357 122.09880000000003
1358 122.15940000000005
1359 122.22080000000008
1360 122.28129999999994
1361 122.33439999999996
1362 122.39719999999994
1363 122.4545
1364 122.50900000000001
1365 122.56950000000002
1366 122.62550000000005
1367 122.68089999999995
1368 122.73989999999995
1369 122.79619999999996
1370 122.8509
1371 122.90590000000009
1372 122.95890000000014
1373 123.01449999999994
1374 123.07279999999986
1375 123.12899999999992
1376 123.19170000000007
1377 123.24710000000007
1378 123.29490000000008
1379 123.3512
1380 123.40150000000007
1381 123.45790000000001
1382 123.51509999999988
1383 123.56899999999992
1384 123.62590000000003
1385 123.67209999999996
1386 123.7228
1387 123.77749999999993
1388 123.82889999999995
1389 123.8812999999999
1390 123.93179999999988
1391 123.9857000000001
1392 124.0428
1393 124.09629999999989
1394 124.14919999999991
1395 124.20399999999995
1396 124.2554
1397 124.30909999999994
1398 124.36450000000002
1399 124.41760000000005
1400 124.46949999999987
1401 124.51869999999995
1402 124.571
1403 124.62509999999996
1404 124.67709999999991
1405 124.73189999999992
1406 124.78559999999999
1407 124.83499999999997
1408 124.88749999999995
1409 124.93499999999995
1410 124.98989999999999
1411 125.03809999999996
1412 125.08979999999997
1413 125.13549999999998
1414 125.18199999999999
1415 125.22969999999991
1416 125.28019999999998
1417 125.32869999999994
1418 125.37419999999996
1419 125.4237
1420 125.47429999999999
1421 125.52559999999993
1422 125.57829999999989
1423 125.63259999999993
1424 125.68389999999997
1425 125.73629999999999
1426 125.7814
1427 125.83129999999996
1428 125.88099999999994
1429 125.92819999999989
1430 125.9798999999999
1431 126.02779999999996
1432 126.07230000000006
1433 126.11879999999991
1434 126.16829999999996
1435 126.21199999999992
1436 126.25459999999993
1437 126.30539999999989
1438 126.35359999999996
1439 126.40389999999994
1440 126.4526999999999
1441 126.5026
1442 126.54839999999999
1443 126.59609999999999
1444 126.64870000000002
1445 126.70040000000003
1446 126.7472999999999
1447 126.79639999999999
1448 126.84329999999999
1449 126.89189999999998
1450 126.93729999999991
1451 126.98319999999987
1452 127.0296999999999
1453 127.07609999999988
1454 127.12380000000002
1455 127.17529999999996
1456 127.2271
1457 127.2727
1458 127.31959999999997
1459 127.37019999999987
1460 127.41659999999989
1461 127.46379999999988
1462 127.5143
1463 127.5627
1464 127.60539999999992
1465 127.64829999999989
1466 127.69599999999984
1467 127.74259999999987
1468 127.78719999999998
1469 127.82860000000001
1470 127.87420000000003
1471 127.91979999999998
1472 127.962
1473 128.00169999999991
1474 128.0419
1475 128.0823
1476 128.12499999999991
1477 128.16899999999995
1478 128.21260000000004
1479 128.25409999999994
1480 128.29399999999995
1481 128.34079999999994
1482 128.38599999999994
1483 128.43069999999994
1484 128.47119999999998
1485 128.5142
1486 128.55619999999996
1487 128.5995999999999
1488 128.6414
1489 128.6863
1490 128.72989999999996
1491 128.77409999999995
1492 128.81569999999994
1493 128.85689999999988
1494 128.90050000000005
