T 1465
0 0.0
1 0.6
2 2.0
3 3.5999999999999996
4 5.9
5 8.6
6 11.3
7 14.299999999999999
8 17.4
9 20.75
10 24.35
11 28.15
12 32.05
13 35.95
14 40.1
15 44.4
16 48.4
17 52.0
18 55.7
19 59.0
20 62.7
21 67.05
22 71.9
23 76.9
24 81.95
25 86.85
26 91.65
27 96.44999999999999
28 101.45
29 106.64999999999999
30 112.25
31 117.65
32 123.2
33 128.6
34 133.75
35 138.35
36 142.4
37 145.75
38 148.95
39 152.1
40 155.55
41 159.1
42 163.2
43 167.2
44 171.2
45 175.2
46 179.25
47 183.1
48 186.8
49 190.65
50 194.55
51 198.9
52 203.60000000000002
53 208.7
54 213.75
55 218.8
56 223.95
57 228.85
58 233.85000000000002
59 238.55
60 243.39999999999998
61 248.6
62 253.7
63 259.0
64 264.1
65 269.1
66 274.1
67 278.95
68 283.9
69 288.70000000000005
70 293.15
71 297.65
72 301.85
73 306.15
74 310.4
75 314.15
76 317.8
77 321.65
78 325.55
79 329.75
80 334.35
81 338.55
82 342.85
83 346.9
84 351.5
85 356.45
86 361.15
87 365.9
88 370.6
89 375.4
90 380.75
91 386.2
92 391.5
93 396.9
94 402.0
95 406.5
96 411.04999999999995
97 415.25
98 419.45000000000005
99 423.9
100 428.45000000000005
101 433.1
102 437.7
103 442.15000000000003
104 446.55
105 450.55
106 454.5
107 458.25
108 462.4
109 466.6
110 470.90000000000003
111 475.2
112 479.6
113 483.75
114 487.75
115 492.35
116 496.9
117 501.4
118 505.9
119 510.3
120 514.35
121 518.15
122 522.15
123 526.0
124 529.9
125 534.15
126 538.45
127 543.25
128 548.15
129 552.75
130 557.2
131 562.15
132 567.6500000000001
133 573.35
134 579.05
135 584.75
136 590.25
137 595.75
138 601.0
139 606.4
140 611.4
141 616.2
142 620.45
143 625.0
144 629.4
145 633.4
146 637.75
147 641.9
148 646.25
149 651.15
150 656.15
151 661.25
152 666.1
153 670.8499999999999
154 675.45
155 680.05
156 684.95
157 689.9000000000001
158 694.65
159 699.45
160 704.1500000000001
161 708.6
162 713.3499999999999
163 718.1
164 722.95
165 727.95
166 732.95
167 737.9000000000001
168 742.65
169 747.45
170 752.4
171 757.6
172 762.75
173 767.9
174 772.9000000000001
175 777.9000000000001
176 783.1
177 787.95
178 792.8
179 797.35
180 801.75
181 806.05
182 810.75
183 815.7
184 820.7
185 825.5
186 829.95
187 834.45
188 838.75
189 843.0999999999999
190 847.45
191 851.7
192 856.1
193 860.55
194 865.0
195 869.5999999999999
196 874.25
197 878.85
198 883.25
199 888.2
200 893.2
201 898.3000000000001
202 903.6
203 909.0
204 914.5
205 919.75
206 924.7
207 929.65
208 934.5
209 939.1999999999999
210 944.0
211 948.85
212 953.75
213 958.75
214 963.1500000000001
215 967.55
216 971.8
217 975.75
218 979.85
219 983.65
220 987.35
221 991.0
222 994.1500000000001
223 997.7
224 1001.6999999999999
225 1005.5
226 1009.55
227 1013.65
228 1017.95
229 1022.5
230 1027.3
231 1032.1
232 1037.05
233 1041.75
234 1046.65
235 1051.5500000000002
236 1056.2
237 1061.0500000000002
238 1065.7
239 1070.1
240 1074.75
241 1079.25
242 1083.95
243 1088.5
244 1093.4
245 1098.7
246 1103.85
247 1108.95
248 1114.0
249 1119.0500000000002
250 1124.15
251 1129.1
252 1134.0500000000002
253 1138.4499999999998
254 1143.3
255 1148.3000000000002
256 1153.4
257 1158.0
258 1162.35
259 1166.2
260 1169.65
261 1173.6
262 1177.4
263 1181.3
264 1185.3
265 1189.4
266 1193.4
267 1197.3
268 1201.5
269 1205.3
270 1209.35
271 1213.4
272 1217.4499999999998
273 1221.75
274 1226.4
275 1231.25
276 1236.05
277 1240.9
278 1246.05
279 1251.25
280 1256.55
281 1261.85
282 1267.3
283 1272.6
284 1277.75
285 1283.0
286 1288.1
287 1293.05
288 1297.75
289 1302.1
290 1306.25
291 1310.45
292 1314.7
293 1319.15
294 1323.55
295 1327.9
296 1332.5
297 1337.7
298 1343.0500000000002
299 1348.2
300 1353.1
301 1357.9
302 1362.75
303 1367.65
304 1372.4
305 1377.3
306 1382.0
307 1386.7
308 1390.75
309 1395.05
310 1399.65
311 1404.4
312 1408.35
313 1412.35
314 1416.45
315 1420.25
316 1424.55
317 1428.9
318 1433.45
319 1438.35
320 1443.35
321 1448.25
322 1453.15
323 1458.05
324 1462.6
325 1466.95
326 1471.1999999999998
327 1476.0500000000002
328 1480.9
329 1485.75
330 1490.7
331 1495.6999999999998
332 1500.85
333 1505.95
334 1510.75
335 1515.4
336 1520.1
337 1524.7
338 1529.6
339 1534.5
340 1539.2
341 1543.75
342 1548.05
343 1552.25
344 1556.65
345 1560.8000000000002
346 1564.7
347 1568.65
348 1572.5
349 1576.25
350 1580.0
351 1584.0
352 1588.1
353 1592.85
354 1597.75
355 1603.3500000000001
356 1608.8000000000002
357 1614.35
358 1619.65
359 1624.6999999999998
360 1629.75
361 1634.75
362 1639.75
363 1644.85
364 1650.05
365 1655.1
366 1660.15
367 1665.35
368 1670.05
369 1674.9
370 1679.25
371 1683.8
372 1688.15
373 1692.75
374 1697.15
375 1701.75
376 1706.25
377 1710.6
378 1715.1
379 1719.65
380 1724.05
381 1728.3
382 1732.6499999999999
383 1737.05
384 1741.7
385 1746.5
386 1751.6999999999998
387 1756.65
388 1761.75
389 1767.0500000000002
390 1772.1
391 1777.1
392 1782.0500000000002
393 1786.85
394 1791.8000000000002
395 1796.9
396 1801.8000000000002
397 1806.85
398 1811.8000000000002
399 1816.6999999999998
400 1821.4
401 1825.75
402 1830.4
403 1834.75
404 1839.15
405 1843.4499999999998
406 1847.75
407 1851.9499999999998
408 1856.15
409 1860.35
410 1864.6
411 1868.8000000000002
412 1873.5
413 1878.4499999999998
414 1883.25
415 1888.25
416 1893.25
417 1898.0
418 1902.7
419 1907.1999999999998
420 1911.65
421 1916.3000000000002
422 1921.1000000000001
423 1925.95
424 1930.7
425 1935.5
426 1940.1999999999998
427 1944.0500000000002
428 1947.5
429 1950.75
430 1953.6
431 1956.65
432 1960.35
433 1964.25
434 1968.7
435 1973.6
436 1978.65
437 1983.8000000000002
438 1988.85
439 1993.75
440 1998.45
441 2003.25
442 2007.95
443 2012.9499999999998
444 2018.15
445 2023.75
446 2029.05
447 2033.85
448 2038.45
449 2042.9
450 2047.0
451 2051.05
452 2055.4
453 2060.0
454 2064.6
455 2069.3
456 2074.15
457 2079.0
458 2083.6499999999996
459 2088.2
460 2092.7
461 2097.15
462 2101.45
463 2106.0
464 2110.6
465 2115.3
466 2119.7
467 2124.4
468 2129.0
469 2133.8
470 2138.55
471 2143.3
472 2148.3
473 2153.05
474 2157.6
475 2162.0
476 2166.6
477 2171.2
478 2175.85
479 2180.2
480 2184.8
481 2189.3
482 2193.45
483 2198.25
484 2202.95
485 2207.7
486 2212.6
487 2217.45
488 2222.35
489 2227.2
490 2232.0
491 2236.55
492 2241.05
493 2245.5
494 2250.15
495 2254.7
496 2259.6499999999996
497 2264.6
498 2268.95
499 2273.55
500 2277.95
501 2282.15
502 2286.2
503 2290.3999999999996
504 2294.65
505 2298.95
506 2303.45
507 2308.35
508 2313.0
509 2317.6
510 2322.5
511 2327.8
512 2332.8
513 2337.7
514 2342.35
515 2347.3
516 2352.3
517 2357.65
518 2362.8999999999996
519 2368.25
520 2373.45
521 2378.8
522 2384.0
523 2389.25
524 2394.35
525 2399.6
526 2404.45
527 2409.25
528 2413.85
529 2418.3
530 2422.85
531 2427.5
532 2432.1000000000004
533 2436.6000000000004
534 2441.0
535 2445.4
536 2449.55
537 2453.75
538 2458.1499999999996
539 2462.6499999999996
540 2466.8
541 2470.9
542 2475.0
543 2479.3
544 2483.65
545 2488.2
546 2492.9
547 2497.7
548 2502.85
549 2507.75
550 2512.95
551 2518.25
552 2523.25
553 2527.85
554 2532.35
555 2536.8
556 2541.35
557 2545.95
558 2550.45
559 2555.15
560 2559.75
561 2564.2
562 2568.5
563 2572.7
564 2577.45
565 2582.0
566 2586.45
567 2590.95
568 2595.6
569 2600.5
570 2605.15
571 2609.4
572 2613.8
573 2618.45
574 2623.2
575 2627.8500000000004
576 2632.35
577 2636.8
578 2641.1000000000004
579 2645.3
580 2649.85
581 2654.3500000000004
582 2659.0
583 2663.95
584 2668.85
585 2673.85
586 2679.15
587 2684.3
588 2689.4
589 2694.1
590 2698.8
591 2703.5
592 2708.2
593 2713.05
594 2717.85
595 2722.15
596 2726.9
597 2731.8
598 2736.4
599 2740.65
600 2744.85
601 2749.15
602 2753.5
603 2758.1
604 2763.0
605 2767.65
606 2772.45
607 2777.1
608 2781.8
609 2786.4
610 2791.0
611 2795.35
612 2799.45
613 2803.75
614 2808.25
615 2812.8
616 2817.2
617 2821.6
618 2825.65
619 2830.1000000000004
620 2834.5
621 2838.8
622 2843.05
623 2847.2
624 2851.55
625 2855.95
626 2860.2
627 2864.5
628 2868.9
629 2873.3999999999996
630 2877.9
631 2882.3500000000004
632 2887.25
633 2892.1
634 2896.7
635 2901.45
636 2906.25
637 2911.15
638 2915.9
639 2920.4
640 2924.7
641 2928.9
642 2933.15
643 2937.3
644 2941.45
645 2945.7
646 2950.25
647 2954.4
648 2958.7
649 2962.8999999999996
650 2967.35
651 2971.8999999999996
652 2976.75
653 2981.5
654 2986.2
655 2990.9
656 2995.85
657 3000.9
658 3005.8
659 3010.7
660 3015.3999999999996
661 3019.9
662 3024.2
663 3028.3
664 3032.3500000000004
665 3036.3999999999996
666 3040.5
667 3044.8
668 3049.8
669 3055.05
670 3060.55
671 3065.75
672 3070.6000000000004
673 3075.25
674 3079.6499999999996
675 3084.2
676 3088.65
677 3093.3999999999996
678 3098.1000000000004
679 3102.6000000000004
680 3106.8999999999996
681 3110.9500000000003
682 3114.95
683 3119.25
684 3123.55
685 3128.05
686 3132.55
687 3137.1000000000004
688 3142.0
689 3146.7999999999997
690 3151.6
691 3156.2
692 3161.1
693 3165.8999999999996
694 3170.7
695 3175.3500000000004
696 3179.95
697 3184.5
698 3188.4
699 3192.25
700 3195.85
701 3199.45
702 3203.0
703 3206.5
704 3210.2
705 3214.0
706 3217.75
707 3221.3
708 3225.3
709 3229.5
710 3234.0
711 3238.6
712 3242.95
713 3247.8
714 3252.7000000000003
715 3257.5
716 3262.4
717 3267.3999999999996
718 3272.25
719 3277.4500000000003
720 3282.35
721 3287.2000000000003
722 3292.0
723 3296.5
724 3301.0
725 3305.3
726 3309.7000000000003
727 3313.95
728 3317.8
729 3321.8
730 3326.0
731 3330.25
732 3334.65
733 3339.0
734 3343.3
735 3347.75
736 3352.25
737 3356.8
738 3361.5
739 3366.15
740 3370.8
741 3375.7
742 3380.65
743 3385.35
744 3389.75
745 3394.4
746 3399.1
747 3403.75
748 3408.3999999999996
749 3412.6
750 3416.7
751 3421.1000000000004
752 3425.3999999999996
753 3429.9
754 3434.4
755 3438.95
756 3443.25
757 3447.75
758 3452.7000000000003
759 3457.75
760 3462.5
761 3467.4500000000003
762 3472.5
763 3477.7
764 3483.0
765 3488.25
766 3493.25
767 3497.8500000000004
768 3502.4500000000003
769 3506.9
770 3511.3999999999996
771 3515.55
772 3519.5
773 3523.3
774 3528.0
775 3532.8
776 3537.55
777 3542.05
778 3546.3
779 3550.75
780 3555.3
781 3559.95
782 3564.75
783 3569.5
784 3574.7
785 3579.65
786 3584.6000000000004
787 3589.3500000000004
788 3594.1
789 3597.75
790 3601.25
791 3604.6000000000004
792 3608.3
793 3612.2000000000003
794 3616.35
795 3620.65
796 3624.9
797 3629.25
798 3633.8
799 3638.3
800 3642.8500000000004
801 3647.3999999999996
802 3652.4500000000003
803 3657.35
804 3662.35
805 3667.3
806 3672.1000000000004
807 3676.6
808 3681.1499999999996
809 3685.25
810 3689.4
811 3693.5
812 3697.5499999999997
813 3701.3
814 3705.05
815 3709.0
816 3713.25
817 3717.1
818 3720.7
819 3724.3500000000004
820 3728.3
821 3732.55
822 3736.8
823 3741.05
824 3745.3
825 3749.3
826 3753.65
827 3758.2
828 3762.6000000000004
829 3767.05
830 3771.7
831 3776.3
832 3781.05
833 3785.65
834 3790.1
835 3794.45
836 3799.05
837 3803.6
838 3808.1499999999996
839 3812.95
840 3817.8999999999996
841 3822.45
842 3826.75
843 3831.1000000000004
844 3835.0
845 3838.7
846 3842.9
847 3846.8999999999996
848 3851.35
849 3855.9
850 3860.4
851 3864.75
852 3869.1499999999996
853 3873.6
854 3877.75
855 3881.85
856 3886.2000000000003
857 3890.9
858 3895.5
859 3900.0
860 3904.55
861 3908.55
862 3912.75
863 3916.95
864 3921.3
865 3925.6
866 3930.0
867 3934.55
868 3939.1499999999996
869 3943.85
870 3948.5
871 3953.0499999999997
872 3957.2
873 3961.3
874 3965.5
875 3969.3999999999996
876 3973.4
877 3977.4500000000003
878 3981.75
879 3985.8500000000004
880 3989.75
881 3993.25
882 3996.8500000000004
883 4000.6499999999996
884 4004.55
885 4008.3500000000004
886 4012.3
887 4016.2999999999997
888 4020.3
889 4024.3
890 4028.3999999999996
891 4032.5499999999997
892 4036.5
893 4040.3999999999996
894 4044.6000000000004
895 4048.85
896 4053.45
897 4058.05
898 4062.2
899 4066.3999999999996
900 4070.6
901 4074.95
902 4079.6499999999996
903 4084.4
904 4089.65
905 4094.8999999999996
906 4099.9
907 4104.95
908 4109.4
909 4113.7
910 4118.1
911 4122.1
912 4126.05
913 4130.200000000001
914 4134.2
915 4138.35
916 4142.4
917 4146.75
918 4151.2
919 4155.45
920 4160.0
921 4164.55
922 4169.1
923 4173.8
924 4178.4
925 4183.3
926 4188.1
927 4192.65
928 4197.15
929 4201.75
930 4206.5
931 4211.1
932 4215.35
933 4219.75
934 4224.15
935 4228.75
936 4233.25
937 4237.55
938 4242.1
939 4246.6
940 4251.200000000001
941 4256.0
942 4260.75
943 4265.5
944 4270.25
945 4274.9
946 4279.5
947 4283.700000000001
948 4287.549999999999
949 4291.2
950 4294.35
951 4297.85
952 4301.9
953 4306.0
954 4310.0
955 4313.85
956 4317.95
957 4322.1
958 4326.299999999999
959 4330.55
960 4334.65
961 4338.95
962 4343.35
963 4347.9
964 4352.45
965 4357.35
966 4362.15
967 4367.0
968 4371.7
969 4376.55
970 4381.35
971 4386.15
972 4390.95
973 4395.65
974 4400.5
975 4405.6
976 4410.5
977 4415.4
978 4420.1
979 4424.6
980 4428.7
981 4433.35
982 4438.05
983 4442.65
984 4447.35
985 4451.95
986 4456.55
987 4461.25
988 4465.95
989 4470.25
990 4474.5
991 4479.45
992 4484.55
993 4489.65
994 4494.75
995 4499.799999999999
996 4504.45
997 4508.8
998 4513.15
999 4517.25
1000 4521.5
1001 4525.6
1002 4529.8
1003 4534.1
1004 4538.35
1005 4542.549999999999
1006 4546.2
1007 4550.05
1008 4554.45
1009 4558.9
1010 4563.45
1011 4568.2
1012 4573.0
1013 4577.7
1014 4582.4
1015 4587.0
1016 4591.6
1017 4596.1
1018 4600.450000000001
1019 4605.05
1020 4609.6
1021 4614.25
1022 4618.6
1023 4623.1
1024 4627.950000000001
1025 4632.65
1026 4637.0
1027 4641.2
1028 4645.3
1029 4649.4
1030 4653.6
1031 4658.25
1032 4663.1
1033 4668.15
1034 4673.2
1035 4678.05
1036 4682.65
1037 4687.4
1038 4691.7
1039 4696.05
1040 4700.6
1041 4705.3
1042 4710.05
1043 4714.85
1044 4719.9
1045 4724.75
1046 4729.65
1047 4734.55
1048 4739.2
1049 4743.55
1050 4748.05
1051 4752.4
1052 4756.75
1053 4761.45
1054 4766.25
1055 4771.1
1056 4776.0
1057 4781.05
1058 4786.299999999999
1059 4791.55
1060 4796.75
1061 4801.4
1062 4806.1
1063 4810.9
1064 4815.8
1065 4820.5
1066 4825.2
1067 4829.95
1068 4834.45
1069 4838.75
1070 4843.65
1071 4848.5
1072 4853.3
1073 4857.85
1074 4862.2
1075 4866.55
1076 4871.0
1077 4875.25
1078 4879.7
1079 4884.3
1080 4889.25
1081 4894.200000000001
1082 4898.9
1083 4903.6
1084 4908.15
1085 4911.85
1086 4915.2
1087 4918.25
1088 4921.5
1089 4925.05
1090 4928.65
1091 4932.25
1092 4935.85
1093 4939.2
1094 4942.55
1095 4946.8
1096 4951.3
1097 4955.95
1098 4960.75
1099 4965.4
1100 4970.0
1101 4974.7
1102 4979.35
1103 4984.1
1104 4988.55
1105 4993.3
1106 4997.95
1107 5003.0
1108 5008.3
1109 5013.35
1110 5017.3
1111 5021.299999999999
1112 5025.35
1113 5029.15
1114 5033.4
1115 5037.85
1116 5042.35
1117 5047.05
1118 5051.55
1119 5056.1
1120 5060.25
1121 5064.25
1122 5068.2
1123 5072.4
1124 5076.95
1125 5081.75
1126 5086.25
1127 5090.65
1128 5095.0
1129 5099.2
1130 5103.5
1131 5107.75
1132 5112.1
1133 5116.799999999999
1134 5121.6
1135 5126.45
1136 5131.35
1137 5135.9
1138 5140.55
1139 5145.45
1140 5150.2
1141 5155.1
1142 5160.049999999999
1143 5165.0
1144 5169.7
1145 5174.35
1146 5179.0
1147 5183.45
1148 5187.65
1149 5192.3
1150 5197.15
1151 5201.950000000001
1152 5206.65
1153 5211.2
1154 5215.950000000001
1155 5221.05
1156 5226.049999999999
1157 5230.85
1158 5235.55
1159 5240.45
1160 5245.25
1161 5250.05
1162 5254.8
1163 5259.5
1164 5263.75
1165 5268.15
1166 5272.85
1167 5277.8
1168 5282.65
1169 5287.1
1170 5291.1
1171 5295.4
1172 5299.7
1173 5304.15
1174 5308.6
1175 5313.4
1176 5318.0
1177 5322.55
1178 5327.2
1179 5331.85
1180 5336.55
1181 5341.4
1182 5346.049999999999
1183 5350.65
1184 5355.35
1185 5360.0
1186 5364.5
1187 5369.15
1188 5373.75
1189 5378.1
1190 5382.299999999999
1191 5386.5
1192 5390.9
1193 5395.25
1194 5399.65
1195 5403.799999999999
1196 5407.8
1197 5411.75
1198 5415.6
1199 5419.95
1200 5424.75
1201 5429.75
1202 5434.6
1203 5439.450000000001
1204 5444.35
1205 5449.15
1206 5454.1
1207 5458.950000000001
1208 5463.8
1209 5468.7
1210 5473.549999999999
1211 5478.3
1212 5483.35
1213 5488.3
1214 5493.0
1215 5497.65
1216 5502.15
1217 5506.95
1218 5511.75
1219 5517.05
1220 5522.45
1221 5528.05
1222 5533.55
1223 5539.0
1224 5544.2
1225 5549.35
1226 5554.549999999999
1227 5559.75
1228 5564.9
1229 5569.85
1230 5574.95
1231 5579.85
1232 5584.6
1233 5589.4
1234 5593.9
1235 5598.450000000001
1236 5603.05
1237 5607.9
1238 5612.7
1239 5617.55
1240 5622.65
1241 5627.6
1242 5632.65
1243 5637.8
1244 5642.75
1245 5647.75
1246 5652.65
1247 5657.4
1248 5662.3
1249 5667.05
1250 5671.4
1251 5675.75
1252 5680.0
1253 5684.4
1254 5688.9
1255 5693.35
1256 5697.75
1257 5702.2
1258 5706.7
1259 5711.65
1260 5716.8
1261 5722.0
1262 5727.1
1263 5731.9
1264 5736.7
1265 5741.5
1266 5745.950000000001
1267 5750.35
1268 5754.75
1269 5758.95
1270 5763.05
1271 5767.6
1272 5772.1
1273 5776.450000000001
1274 5780.35
1275 5784.25
1276 5788.75
1277 5793.45
1278 5798.15
1279 5802.7
1280 5807.3
1281 5811.950000000001
1282 5816.45
1283 5820.75
1284 5825.35
1285 5829.95
1286 5834.45
1287 5838.85
1288 5843.15
1289 5847.3
1290 5851.15
1291 5854.85
1292 5858.35
1293 5862.05
1294 5865.85
1295 5869.75
1296 5873.65
1297 5877.55
1298 5881.85
1299 5886.2
1300 5890.3
1301 5894.25
1302 5898.15
1303 5902.6
1304 5907.1
1305 5911.35
1306 5915.6
1307 5920.4
1308 5925.25
1309 5930.3
1310 5935.55
1311 5941.15
1312 5946.75
1313 5951.85
1314 5956.55
1315 5961.35
1316 5965.9
1317 5970.4
1318 5974.75
1319 5979.35
1320 5983.9
1321 5988.3
1322 5992.65
1323 5997.35
1324 6002.1
1325 6006.65
1326 6011.0
1327 6015.4
1328 6020.0
1329 6024.5
1330 6029.05
1331 6033.85
1332 6038.4
1333 6042.6
1334 6046.8
1335 6050.9
1336 6054.950000000001
1337 6058.85
1338 6062.6
1339 6066.6
1340 6071.1
1341 6075.45
1342 6079.95
1343 6084.25
1344 6088.6
1345 6092.8
1346 6097.25
1347 6101.75
1348 6106.25
1349 6110.5
1350 6115.299999999999
1351 6119.95
1352 6124.799999999999
1353 6129.65
1354 6134.299999999999
1355 6138.85
1356 6143.35
1357 6147.95
1358 6152.65
1359 6157.700000000001
1360 6162.9
1361 6167.75
1362 6172.700000000001
1363 6177.6
1364 6182.35
1365 6186.55
1366 6191.400000000001
1367 6196.2
1368 6200.6
1369 6204.9
1370 6209.200000000001
1371 6213.700000000001
1372 6218.049999999999
1373 6222.549999999999
1374 6227.0
1375 6231.549999999999
1376 6235.9
1377 6240.299999999999
1378 6244.7
1379 6249.2
1380 6253.8
1381 6258.05
1382 6262.200000000001
1383 6266.6
1384 6270.9
1385 6275.3
1386 6280.049999999999
1387 6284.9
1388 6289.6
1389 6293.95
1390 6298.35
1391 6302.900000000001
1392 6307.6
1393 6312.3
1394 6317.0
1395 6321.6
1396 6326.1
1397 6330.65
1398 6335.099999999999
1399 6339.6
1400 6343.700000000001
1401 6347.75
1402 6351.85
1403 6356.1
1404 6360.400000000001
1405 6364.45
1406 6368.55
1407 6372.950000000001
1408 6377.55
1409 6382.15
1410 6386.8
1411 6391.35
1412 6395.799999999999
1413 6400.299999999999
1414 6404.95
1415 6409.5
1416 6414.3
1417 6419.200000000001
1418 6424.25
1419 6429.450000000001
1420 6434.7
1421 6439.9
1422 6444.4
1423 6448.6
1424 6453.0
1425 6457.4
1426 6461.700000000001
1427 6465.9
1428 6470.200000000001
1429 6474.400000000001
1430 6478.75
1431 6482.5
1432 6486.450000000001
1433 6490.599999999999
1434 6495.0
1435 6499.549999999999
1436 6504.35
1437 6509.15
1438 6514.0
1439 6518.8
1440 6523.75
1441 6528.799999999999
1442 6534.0
1443 6539.2
1444 6544.4
1445 6549.75
1446 6555.15
1447 6560.3
1448 6565.15
1449 6570.150000000001
1450 6575.45
1451 6580.65
1452 6585.950000000001
1453 6591.200000000001
1454 6596.299999999999
1455 6601.45
1456 6606.7
1457 6611.8
1458 6616.95
1459 6622.2
1460 6627.5
1461 6632.75
1462 6638.049999999999
1463 6643.4
1464 6648.65
1465 6653.4
1466 6655.1
1467 6656.8
1468 6658.5
1469 6660.2
1470 6661.75
1471 6663.25
1472 6664.85
1473 6666.55
1474 6668.25
1475 6669.9
1476 6671.55
1477 6673.1
1478 6674.7
1479 6676.3
1480 6677.9
1481 6679.5
1482 6681.1
1483 6682.7
1484 6684.4
1485 6685.95
1486 6687.35
1487 6688.6
1488 6689.8
1489 6691.0
1490 6692.15
1491 6693.2
1492 6694.2
1493 6695.2
1494 6696.2
1495 6697.2
1496 6698.2
1497 6699.2
1498 6700.2
1499 6701.2
1500 6702.2
1501 6703.1
1502 6703.85
1503 6704.65
1504 6705.5
1505 6706.4
1506 6707.2
1507 6707.95
1508 6708.8
1509 6709.8
1510 6710.8
1511 6712.1
1512 6713.6
1513 6715.1
1514 6716.5
1515 6717.9
1516 6719.4
1517 6720.95
1518 6722.65
1519 6724.35
1520 6726.05
1521 6727.8
1522 6729.6
1523 6731.4
1524 6733.2
1525 6735.0
1526 6736.8
1527 6738.65
1528 6740.55
1529 6742.45
1530 6744.35
1531 6746.25
1532 6748.1
1533 6749.85
1534 6751.55
1535 6753.2
1536 6754.9
1537 6756.8
1538 6758.55
1539 6760.15
1540 6761.85
1541 6763.3
1542 6764.6
1543 6766.1
1544 6767.6
1545 6769.1
1546 6770.55
1547 6772.0
1548 6773.3
1549 6774.7
1550 6776.2
1551 6777.65
1552 6779.05
1553 6780.45
1554 6781.8
1555 6783.35
1556 6784.95
1557 6786.5
1558 6788.0
1559 6789.5
1560 6791.05
1561 6792.7
1562 6794.4
1563 6796.05
1564 6797.85
1565 6799.6
1566 6801.4
1567 6803.1
1568 6804.8
1569 6806.5
1570 6808.2
1571 6809.95
1572 6811.65
1573 6813.2
1574 6814.9
1575 6816.6
1576 6818.25
1577 6819.85
1578 6821.45
1579 6823.0
1580 6824.5
1581 6826.0
1582 6827.55
1583 6829.15
1584 6830.7
1585 6832.25
1586 6833.95
1587 6835.65
1588 6837.35
1589 6839.05
1590 6840.7
1591 6842.35
1592 6844.1
1593 6845.9
1594 6847.5
1595 6849.1
1596 6850.6
1597 6852.0
1598 6853.4
1599 6854.7
1600 6856.0
1601 6857.25
1602 6858.55
1603 6859.9
1604 6861.25
1605 6862.75
1606 6864.25
1607 6865.75
1608 6867.25
1609 6868.7
1610 6870.15
1611 6871.65
1612 6873.15
1613 6874.65
1614 6876.2
1615 6877.8
1616 6879.4
1617 6881.1
1618 6882.8
1619 6884.5
1620 6886.2
1621 6887.9
1622 6889.45
1623 6890.95
1624 6892.55
1625 6894.15
1626 6895.75
1627 6897.4
1628 6899.1
1629 6900.85
1630 6902.55
1631 6904.3
1632 6906.05
1633 6907.75
1634 6909.35
1635 6910.85
1636 6912.45
1637 6914.15
1638 6915.85
1639 6917.55
1640 6919.3
1641 6921.2
1642 6923.05
1643 6924.85
1644 6926.6
1645 6928.15
1646 6929.55
1647 6930.9
1648 6932.3
1649 6933.7
1650 6935.15
1651 6936.55
1652 6938.05
1653 6939.55
1654 6940.95
1655 6942.45
1656 6943.95
1657 6945.5
1658 6947.0
1659 6948.45
1660 6949.85
1661 6951.15
1662 6952.4
1663 6953.6
1664 6954.75
1665 6955.9
1666 6957.0
1667 6958.1
1668 6959.3
1669 6960.5
1670 6961.75
1671 6962.95
1672 6964.25
1673 6965.75
1674 6967.35
1675 6969.0
1676 6970.75
1677 6972.5
1678 6974.2
1679 6975.9
1680 6977.55
1681 6979.15
1682 6980.7
1683 6982.4
1684 6984.1
1685 6985.7
1686 6987.4
1687 6989.0
1688 6990.6
1689 6992.2
1690 6993.8
1691 6995.4
1692 6997.0
1693 6998.6
1694 7000.2
1695 7001.85
1696 7003.55
1697 7005.2
1698 7006.85
1699 7008.65
1700 7010.3
1701 7011.9
1702 7013.55
1703 7015.25
1704 7016.85
1705 7018.45
1706 7019.9
1707 7021.3
1708 7022.7
1709 7024.1
1710 7025.55
1711 7027.05
1712 7028.5
1713 7029.9
1714 7031.4
1715 7033.0
1716 7034.6
1717 7036.3
1718 7038.0
1719 7039.7
1720 7041.4
1721 7043.15
1722 7044.95
1723 7046.75
1724 7048.55
1725 7050.3
1726 7052.0
1727 7053.65
1728 7055.3
1729 7056.8
1730 7058.5
1731 7060.1
1732 7061.65
1733 7063.05
1734 7064.55
1735 7065.95
1736 7067.35
1737 7068.75
1738 7070.15
1739 7071.65
1740 7073.1
1741 7074.55
1742 7076.25
1743 7077.85
1744 7079.35
1745 7080.75
1746 7082.1
1747 7083.4
1748 7084.8
1749 7086.25
1750 7087.75
1751 7089.3
1752 7090.9
1753 7092.5
1754 7094.1
1755 7095.65
1756 7097.15
1757 7098.65
1758 7100.1
1759 7101.6
1760 7102.9
1761 7104.4
1762 7105.85
1763 7107.25
1764 7108.75
1765 7110.25
1766 7111.75
1767 7113.25
1768 7114.75
1769 7116.15
1770 7117.55
1771 7118.9
1772 7120.2
1773 7121.7
1774 7123.2
1775 7124.8
1776 7126.35
1777 7127.85
1778 7129.3
1779 7130.85
1780 7132.7
1781 7134.5
1782 7136.3
1783 7138.1
1784 7139.9
1785 7141.7
1786 7143.6
1787 7145.5
1788 7147.35
1789 7149.2
1790 7151.1
1791 7152.85
1792 7154.7
1793 7156.55
1794 7158.35
1795 7160.25
1796 7162.15
1797 7164.05
1798 7165.95
1799 7167.85
1800 7169.75
1801 7171.65
1802 7173.35
1803 7175.0
1804 7176.7
1805 7178.3
1806 7180.05
1807 7181.85
1808 7183.6
1809 7185.2
1810 7186.45
1811 7187.8
1812 7189.25
1813 7190.9
1814 7192.6
1815 7194.3
1816 7195.9
1817 7197.5
1818 7199.1
1819 7200.75
1820 7202.5
1821 7204.35
1822 7206.1
1823 7207.85
1824 7209.5
1825 7211.3
1826 7213.1
1827 7214.9
1828 7216.7
1829 7218.6
1830 7220.5
1831 7222.4
1832 7224.35
1833 7226.2
1834 7228.2
1835 7230.2
1836 7232.05
1837 7233.95
1838 7235.85
1839 7237.75
1840 7239.65
1841 7241.4
1842 7243.05
1843 7244.55
1844 7246.05
1845 7247.6
1846 7249.2
1847 7250.8
1848 7252.4
1849 7253.9
1850 7255.25
1851 7256.45
1852 7257.6
1853 7258.75
1854 7260.05
1855 7261.25
1856 7262.55
1857 7263.85
1858 7265.15
1859 7266.35
1860 7267.6
1861 7268.9
1862 7270.15
1863 7271.35
1864 7272.55
1865 7273.85
1866 7275.15
1867 7276.35
1868 7277.65
1869 7278.95
1870 7280.25
1871 7281.55
1872 7282.85
1873 7284.2
1874 7285.55
1875 7286.9
1876 7288.25
1877 7289.65
1878 7291.1
1879 7292.6
1880 7294.1
1881 7295.6
1882 7297.1
1883 7298.55
1884 7299.85
1885 7301.25
1886 7302.55
1887 7303.85
1888 7305.2
1889 7306.65
1890 7308.1
1891 7309.5
1892 7310.9
1893 7312.4
1894 7313.7
1895 7315.1
1896 7316.7
1897 7318.3
1898 7319.8
1899 7321.6
1900 7323.5
1901 7325.4
1902 7327.25
1903 7329.05
1904 7330.8
1905 7332.55
1906 7334.3
1907 7336.0
1908 7337.65
1909 7339.3
1910 7341.0
1911 7342.7
1912 7344.5
1913 7346.3
1914 7348.05
1915 7349.6
1916 7351.5
1917 7353.4
1918 7355.35
1919 7357.3
1920 7359.25
1921 7361.25
1922 7363.25
1923 7365.15
1924 7367.15
1925 7369.05
1926 7370.85
1927 7372.8
1928 7374.8
1929 7376.5
1930 7378.4
1931 7380.3
1932 7382.15
1933 7383.95
1934 7385.75
1935 7387.5
1936 7389.2
1937 7390.9
1938 7392.65
1939 7394.4
1940 7396.2
1941 7398.0
1942 7399.7
1943 7401.4
1944 7403.1
1945 7404.75
1946 7406.05
1947 7407.35
1948 7408.6
1949 7409.85
1950 7411.1
1951 7412.3
1952 7413.5
1953 7414.7
1954 7416.0
1955 7417.3
1956 7418.8
1957 7420.15
1958 7421.6
1959 7423.1
1960 7424.4
1961 7426.05
1962 7427.75
1963 7429.45
1964 7431.15
1965 7432.85
1966 7434.55
1967 7436.25
1968 7437.9
1969 7439.5
1970 7441.0
1971 7442.6
1972 7444.2
1973 7445.8
1974 7447.4
1975 7449.0
1976 7450.6
1977 7452.2
1978 7453.75
1979 7455.3
1980 7456.8
1981 7458.4
1982 7460.0
1983 7461.6
1984 7463.0
1985 7464.3
1986 7465.55
1987 7466.95
1988 7468.2
1989 7469.5
1990 7470.7
1991 7471.8
1992 7473.1
1993 7474.4
1994 7475.7
1995 7477.0
1996 7478.3
1997 7479.6
1998 7480.9
1999 7482.2
2000 7483.5
2001 7484.75
2002 7486.05
2003 7487.35
2004 7488.65
2005 7489.95
2006 7491.35
2007 7492.75
2008 7494.15
2009 7495.45
2010 7496.85
2011 7498.2
2012 7499.6
2013 7501.0
2014 7502.4
2015 7503.8
2016 7504.95
2017 7506.0
2018 7507.15
2019 7508.25
2020 7509.55
2021 7510.7
2022 7511.8
2023 7513.0
2024 7514.3
2025 7515.6
2026 7516.9
2027 7518.4
2028 7520.0
2029 7521.6
2030 7523.2
2031 7524.85
2032 7526.5
2033 7528.2
2034 7529.9
2035 7531.6
2036 7533.2
2037 7534.85
2038 7536.55
2039 7538.35
2040 7540.05
2041 7541.8
2042 7543.5
2043 7545.2
2044 7547.0
2045 7548.8
2046 7550.6
2047 7552.35
2048 7554.1
2049 7555.8
2050 7557.35
2051 7558.85
2052 7560.25
2053 7561.75
2054 7563.25
2055 7564.75
2056 7566.25
2057 7567.55
2058 7568.75
2059 7569.95
2060 7571.35
2061 7572.65
2062 7574.0
2063 7575.3
2064 7576.6
2065 7578.0
2066 7579.4
2067 7580.75
2068 7582.05
2069 7583.25
2070 7584.45
2071 7585.6
2072 7586.8
2073 7588.25
2074 7589.75
2075 7591.35
2076 7592.95
2077 7594.55
2078 7596.15
2079 7597.85
2080 7599.6
2081 7601.5
2082 7603.3
2083 7605.05
2084 7606.75
2085 7608.45
2086 7610.15
2087 7611.85
2088 7613.65
2089 7615.45
2090 7617.15
2091 7618.95
2092 7620.65
2093 7622.35
2094 7624.1
2095 7625.8
2096 7627.6
2097 7629.5
2098 7631.4
2099 7633.3
2100 7635.2
2101 7637.05
2102 7638.95
2103 7640.7
2104 7642.3
2105 7643.8
2106 7645.3
2107 7646.9
2108 7648.4
2109 7649.9
2110 7651.4
2111 7652.7
2112 7654.0
2113 7655.15
2114 7656.35
2115 7657.55
2116 7658.75
2117 7659.95
2118 7661.05
2119 7662.15
2120 7663.2
2121 7664.4
2122 7665.6
2123 7666.8
2124 7668.05
2125 7669.4
2126 7670.8
2127 7672.1
2128 7673.4
2129 7674.7
2130 7676.0
2131 7677.3
2132 7678.5
2133 7679.8
2134 7681.1
2135 7682.4
2136 7683.7
2137 7684.95
2138 7686.25
2139 7687.45
2140 7688.75
2141 7690.1
2142 7691.5
2143 7692.9
2144 7694.25
2145 7695.65
2146 7697.05
2147 7698.45
2148 7699.85
2149 7701.35
2150 7702.9
2151 7704.2
2152 7705.5
2153 7706.8
2154 7708.1
2155 7709.45
2156 7710.9
2157 7712.4
2158 7713.9
2159 7715.45
2160 7717.05
2161 7718.65
2162 7720.45
2163 7722.1
2164 7723.9
2165 7725.75
2166 7727.65
2167 7729.5
2168 7731.3
2169 7733.1
2170 7734.75
2171 7736.5
2172 7738.2
2173 7739.9
2174 7741.55
2175 7743.15
2176 7744.85
2177 7746.55
2178 7748.25
2179 7749.85
2180 7751.45
2181 7753.05
2182 7754.65
2183 7756.3
2184 7757.9
2185 7759.45
2186 7760.8
2187 7762.15
2188 7763.65
2189 7765.1
2190 7766.55
2191 7768.2
2192 7769.85
2193 7771.5
2194 7773.05
2195 7774.8
2196 7776.5
2197 7778.3
2198 7780.1
2199 7781.9
2200 7783.65
2201 7785.3
2202 7787.0
2203 7788.7
2204 7790.4
2205 7792.1
2206 7793.7
2207 7795.4
2208 7797.1
2209 7798.85
2210 7800.65
2211 7802.45
2212 7804.25
2213 7806.1
2214 7807.9
2215 7809.6
2216 7811.35
2217 7813.1
2218 7814.75
2219 7816.45
2220 7818.2
2221 7819.75
2222 7821.1
2223 7822.45
2224 7823.9
2225 7825.25
2226 7826.85
2227 7828.45
2228 7830.15
2229 7831.85
2230 7833.55
2231 7835.2
2232 7836.8
2233 7838.4
2234 7840.0
2235 7841.6
2236 7843.2
2237 7844.7
2238 7846.2
2239 7847.75
2240 7849.15
2241 7850.55
2242 7852.25
2243 7853.85
2244 7855.55
2245 7857.3
2246 7858.95
2247 7860.6
2248 7862.35
2249 7864.15
2250 7865.85
2251 7867.75
2252 7869.65
2253 7871.5
2254 7873.25
2255 7875.0
2256 7876.65
2257 7878.35
2258 7879.95
2259 7881.55
2260 7883.15
2261 7884.75
2262 7886.35
2263 7887.95
2264 7889.55
2265 7891.15
2266 7892.75
2267 7894.35
2268 7896.0
2269 7897.6
2270 7899.2
2271 7900.8
2272 7902.3
2273 7904.0
2274 7905.7
2275 7907.5
2276 7909.4
2277 7911.25
2278 7913.1
2279 7915.0
2280 7917.0
2281 7918.85
2282 7920.75
2283 7922.65
2284 7924.5
2285 7926.35
2286 7928.1
2287 7929.85
2288 7931.75
2289 7933.65
2290 7935.55
2291 7937.45
2292 7939.35
2293 7941.25
2294 7943.15
2295 7945.05
2296 7946.95
2297 7948.85
2298 7950.7
2299 7952.5
2300 7954.35
2301 7956.25
2302 7957.95
2303 7959.45
2304 7960.9
2305 7962.25
2306 7963.75
2307 7965.25
2308 7966.65
2309 7968.05
2310 7969.35
2311 7970.6
2312 7971.8
2313 7973.1
2314 7974.5
2315 7975.8
2316 7977.1
2317 7978.25
2318 7979.35
2319 7980.55
2320 7981.85
2321 7983.15
2322 7984.45
2323 7985.85
2324 7987.35
2325 7988.95
2326 7990.55
2327 7992.15
2328 7993.75
2329 7995.35
2330 7996.9
2331 7998.45
2332 8000.05
2333 8001.65
2334 8003.2
2335 8004.65
2336 8006.0
2337 8007.45
2338 8008.9
2339 8010.3
2340 8011.9
2341 8013.5
2342 8015.2
2343 8016.8
2344 8018.4
2345 8020.05
2346 8021.7
2347 8023.4
2348 8025.0
2349 8026.55
2350 8028.05
2351 8029.55
2352 8031.05
2353 8032.45
2354 8033.8
2355 8035.1
2356 8036.45
2357 8037.85
2358 8039.25
2359 8040.7
2360 8042.25
2361 8043.8
2362 8045.4
2363 8047.0
2364 8048.6
2365 8050.3
2366 8051.95
2367 8053.7
2368 8055.4
2369 8057.0
2370 8058.45
2371 8059.95
2372 8061.35
2373 8062.75
2374 8064.05
2375 8065.5
2376 8066.95
2377 8068.4
2378 8069.9
2379 8071.4
2380 8072.9
2381 8074.45
2382 8076.1
2383 8077.8
2384 8079.45
2385 8081.05
2386 8082.6
2387 8084.1
2388 8085.6
2389 8087.05
2390 8088.4
2391 8089.7
2392 8090.9
2393 8092.1
2394 8093.3
2395 8094.4
2396 8095.6
2397 8096.7
2398 8098.0
2399 8099.3
2400 8100.65
2401 8102.05
2402 8103.55
2403 8105.05
2404 8106.6
2405 8107.95
2406 8109.45
2407 8110.9
2408 8112.35
2409 8113.85
2410 8115.35
2411 8116.8
2412 8118.25
2413 8119.8
2414 8121.4
2415 8123.0
2416 8124.6
2417 8126.2
2418 8127.8
2419 8129.4
2420 8131.0
2421 8132.6
2422 8134.2
2423 8135.8
2424 8137.4
2425 8139.0
2426 8140.4
2427 8141.7
2428 8142.95
2429 8144.35
2430 8145.65
2431 8147.05
2432 8148.4
2433 8149.8
2434 8151.15
2435 8152.5
2436 8153.7
2437 8155.1
2438 8156.55
2439 8157.95
2440 8159.4
2441 8160.95
2442 8162.45
2443 8163.9
2444 8165.35
2445 8167.0
2446 8168.7
2447 8170.4
2448 8172.1
2449 8173.8
2450 8175.5
2451 8177.2
2452 8178.9
2453 8180.6
2454 8182.3
2455 8184.0
2456 8185.7
2457 8187.4
2458 8188.95
2459 8190.45
2460 8192.15
2461 8193.65
2462 8195.25
2463 8196.85
2464 8198.55
2465 8200.2
2466 8201.8
2467 8203.2
2468 8204.55
2469 8205.9
2470 8207.2
2471 8208.55
2472 8209.95
2473 8211.35
2474 8212.9
2475 8214.3
2476 8215.7
2477 8217.1
2478 8218.55
2479 8220.05
2480 8221.55
2481 8223.05
2482 8224.55
2483 8226.05
2484 8227.65
2485 8229.25
2486 8230.85
2487 8232.45
2488 8234.05
2489 8235.55
2490 8236.9
2491 8238.3
2492 8239.55
2493 8240.75
2494 8241.85
2495 8243.05
2496 8244.25
2497 8245.45
2498 8246.7
2499 8247.95
2500 8249.2
2501 8250.4
2502 8251.55
2503 8252.7
2504 8253.7
2505 8254.8
2506 8256.05
2507 8257.35
2508 8258.6
2509 8259.9
2510 8261.2
2511 8262.55
2512 8263.95
2513 8265.35
2514 8266.7
2515 8268.2
2516 8269.7
2517 8271.2
2518 8272.7
2519 8274.2
2520 8275.65
2521 8277.1
2522 8278.6
2523 8280.1
2524 8281.6
2525 8283.0
2526 8284.6
2527 8286.2
2528 8287.7
2529 8289.15
2530 8290.7
2531 8292.2
2532 8293.65
2533 8295.15
2534 8296.7
2535 8298.2
2536 8299.55
2537 8300.95
2538 8302.35
2539 8303.65
2540 8304.95
2541 8306.2
2542 8307.45
2543 8308.75
2544 8310.1
2545 8311.45
2546 8313.15
2547 8314.85
2548 8316.55
2549 8318.25
2550 8319.95
2551 8321.6
2552 8323.3
2553 8325.0
2554 8326.7
2555 8328.4
2556 8329.95
2557 8331.85
2558 8333.75
2559 8335.65
2560 8337.4
2561 8339.2
2562 8341.05
2563 8342.8
2564 8344.6
2565 8346.4
2566 8348.2
2567 8350.0
2568 8352.0
2569 8354.0
2570 8356.0
2571 8358.0
2572 8359.95
2573 8361.95
2574 8363.85
2575 8365.8
2576 8367.55
2577 8369.35
2578 8371.15
2579 8372.95
2580 8374.75
2581 8376.55
2582 8378.3
2583 8380.1
2584 8382.0
2585 8383.9
2586 8385.75
2587 8387.3
2588 8388.9
2589 8390.55
2590 8392.25
2591 8393.9
2592 8395.55
2593 8397.15
2594 8398.6
2595 8400.0
2596 8401.45
2597 8402.85
2598 8404.25
2599 8405.8
2600 8407.6
2601 8409.4
2602 8411.2
2603 8412.9
2604 8414.6
2605 8416.2
2606 8417.8
2607 8419.4
2608 8421.0
2609 8422.7
2610 8424.45
2611 8426.3
2612 8428.15
2613 8430.05
2614 8431.85
2615 8433.7
2616 8435.6
2617 8437.45
2618 8439.3
2619 8441.15
2620 8442.95
2621 8444.8
2622 8446.6
2623 8448.4
2624 8450.2
2625 8451.95
2626 8453.6
2627 8455.3
2628 8456.8
2629 8458.15
2630 8459.3
2631 8460.7
2632 8462.1
2633 8463.5
2634 8464.9
2635 8466.2
2636 8467.55
2637 8468.9
2638 8470.3
2639 8471.6
2640 8472.85
2641 8474.0
2642 8475.1
2643 8476.2
2644 8477.4
2645 8478.55
2646 8479.7
2647 8480.9
2648 8482.05
2649 8483.15
2650 8484.25
2651 8485.4
2652 8486.6
2653 8487.8
2654 8489.0
2655 8490.3
2656 8491.7
2657 8493.05
2658 8494.45
2659 8495.85
2660 8497.2
2661 8498.3
2662 8499.4
2663 8500.5
2664 8501.6
2665 8502.9
2666 8504.1
2667 8505.35
2668 8506.65
2669 8507.95
2670 8509.25
2671 8510.6
2672 8512.0
2673 8513.35
2674 8514.85
2675 8516.4
2676 8518.05
2677 8519.65
2678 8521.25
2679 8522.85
2680 8524.45
2681 8525.9
2682 8527.4
2683 8528.9
2684 8530.4
2685 8531.8
2686 8533.1
2687 8534.5
2688 8535.95
2689 8537.45
2690 8538.95
2691 8540.45
2692 8541.95
2693 8543.45
2694 8544.95
2695 8546.25
2696 8547.45
2697 8548.75
2698 8550.05
2699 8551.45
2700 8552.85
2701 8554.25
2702 8555.65
2703 8557.0
2704 8558.15
2705 8559.55
2706 8560.95
2707 8562.4
2708 8563.9
2709 8565.45
2710 8567.05
2711 8568.65
2712 8570.15
2713 8571.75
2714 8573.35
2715 8575.05
2716 8576.75
2717 8578.35
2718 8579.9
2719 8581.5
2720 8583.1
2721 8584.75
2722 8586.45
2723 8588.15
2724 8589.85
2725 8591.6
2726 8593.4
2727 8595.05
2728 8596.65
2729 8598.2
2730 8599.8
2731 8601.35
2732 8603.0
2733 8604.7
2734 8606.35
2735 8607.7
2736 8608.9
2737 8610.05
2738 8611.15
2739 8612.35
2740 8613.65
2741 8614.95
2742 8616.25
2743 8617.5
2744 8618.8
2745 8620.0
2746 8621.2
2747 8622.35
2748 8623.5
2749 8624.6
2750 8625.8
2751 8626.95
2752 8628.05
2753 8629.15
2754 8630.3
2755 8631.5
2756 8632.75
2757 8634.2
2758 8635.7
2759 8637.15
2760 8638.6
2761 8640.1
2762 8641.45
2763 8642.8
2764 8644.25
2765 8645.75
2766 8647.25
2767 8648.75
2768 8650.3
2769 8651.75
2770 8653.15
2771 8654.65
2772 8656.2
2773 8657.8
2774 8659.45
2775 8661.25
2776 8663.05
2777 8664.85
2778 8666.6
2779 8668.4
2780 8670.2
2781 8672.1
2782 8674.0
2783 8675.95
2784 8677.9
2785 8679.85
2786 8681.8
2787 8683.65
2788 8685.45
2789 8687.35
2790 8689.2
2791 8691.05
2792 8692.95
2793 8694.8
2794 8696.65
2795 8698.55
2796 8700.45
2797 8702.35
2798 8704.2
2799 8706.05
2800 8707.85
2801 8709.7
2802 8711.55
2803 8713.3
2804 8714.95
2805 8716.5
2806 8718.1
2807 8719.7
2808 8721.3
2809 8722.8
2810 8724.2
2811 8725.5
2812 8727.0
2813 8728.45
2814 8729.85
2815 8731.25
2816 8732.65
2817 8733.95
2818 8735.4
2819 8736.85
2820 8738.35
2821 8739.8
2822 8741.25
2823 8742.75
2824 8744.2
2825 8745.65
2826 8747.35
2827 8749.05
2828 8750.75
2829 8752.4
2830 8754.05
2831 8755.6
2832 8757.1
2833 8758.6
2834 8760.1
2835 8761.7
2836 8763.35
2837 8765.05
2838 8766.85
2839 8768.65
2840 8770.45
2841 8772.25
2842 8773.85
2843 8775.45
2844 8777.05
2845 8778.6
2846 8780.1
2847 8781.65
2848 8783.0
2849 8784.4
2850 8785.85
2851 8787.35
2852 8788.8
2853 8790.2
2854 8791.75
2855 8793.25
2856 8794.6
2857 8796.1
2858 8797.6
2859 8799.2
2860 8800.75
2861 8802.25
2862 8803.8
2863 8805.4
2864 8807.0
2865 8808.45
2866 8809.85
2867 8811.35
2868 8812.75
2869 8814.25
2870 8815.75
2871 8817.3
2872 8818.9
2873 8820.5
2874 8822.1
2875 8823.65
2876 8825.15
2877 8826.55
2878 8828.0
2879 8829.45
2880 8830.8
2881 8832.35
2882 8833.95
2883 8835.55
2884 8836.95
2885 8838.3
2886 8839.55
2887 8840.8
2888 8842.1
2889 8843.35
2890 8844.65
2891 8846.05
2892 8847.6
2893 8849.2
2894 8850.8
2895 8852.4
2896 8853.95
2897 8855.45
2898 8857.05
2899 8858.55
2900 8860.15
2901 8861.7
2902 8863.25
2903 8864.85
2904 8866.45
2905 8868.15
2906 8869.95
2907 8871.75
2908 8873.5
2909 8875.1
2910 8876.8
2911 8878.35
2912 8880.15
2913 8881.95
2914 8883.85
2915 8885.75
2916 8887.65
2917 8889.4
2918 8891.3
2919 8893.15
2920 8894.95
2921 8896.65
2922 8898.35
2923 8900.0
2924 8901.7
2925 8903.4
2926 8905.1
2927 8906.7
2928 8908.25
2929 8909.85
2930 8911.35
2931 8913.05
2932 8914.7
2933 8916.3
2934 8917.9
2935 8919.4
2936 8920.85
2937 8922.4
2938 8924.0
2939 8925.6
2940 8927.1
2941 8928.5
2942 8929.7
2943 8931.0
2944 8932.25
2945 8933.55
2946 8934.85
2947 8936.2
2948 8937.5
2949 8939.0
2950 8940.5
2951 8942.05
2952 8943.45
2953 8944.9
2954 8946.4
2955 8947.9
2956 8949.4
2957 8950.9
2958 8952.35
2959 8953.75
2960 8955.15
2961 8956.4
2962 8957.7
2963 8959.0
2964 8960.3
2965 8961.6
2966 8962.85
2967 8964.1
2968 8965.3
2969 8966.5
2970 8967.8
2971 8969.1
2972 8970.4
2973 8971.65
2974 8972.9
2975 8974.25
2976 8975.75
2977 8977.2
2978 8978.5
2979 8979.6
2980 8980.8
2981 8981.95
2982 8983.05
2983 8984.05
2984 8985.0
2985 8986.0
2986 8987.0
2987 8988.0
2988 8989.0
2989 8990.0
2990 8991.0
2991 8992.15
2992 8993.4
2993 8994.7
2994 8996.1
2995 8997.5
2996 8998.9
2997 9000.25
2998 9001.75
2999 9003.25
3000 9004.65
3001 9006.1
3002 9007.6
3003 9009.15
3004 9010.65
3005 9012.0
3006 9013.3
3007 9014.6
3008 9015.9
3009 9017.2
3010 9018.65
3011 9020.2
3012 9021.8
3013 9023.4
3014 9024.95
3015 9026.55
3016 9028.15
3017 9029.75
3018 9031.35
3019 9032.95
3020 9034.55
3021 9035.95
3022 9037.2
3023 9038.45
3024 9039.65
3025 9040.85
3026 9042.15
3027 9043.4
3028 9044.6
3029 9045.8
3030 9047.1
3031 9048.45
3032 9049.75
3033 9051.05
3034 9052.4
3035 9053.9
3036 9055.4
3037 9056.9
3038 9058.4
3039 9059.9
3040 9061.15
3041 9062.4
3042 9063.7
3043 9065.1
3044 9066.5
3045 9067.85
3046 9069.35
3047 9070.85
3048 9072.35
3049 9073.95
3050 9075.55
3051 9077.15
3052 9078.85
3053 9080.5
3054 9082.1
3055 9083.7
3056 9085.25
3057 9086.85
3058 9088.4
3059 9090.0
3060 9091.55
3061 9093.05
3062 9094.45
3063 9095.75
3064 9097.1
3065 9098.4
3066 9099.7
3067 9101.0
3068 9102.45
3069 9103.95
3070 9105.45
3071 9106.85
3072 9108.15
3073 9109.35
3074 9110.55
3075 9111.7
3076 9112.8
3077 9113.9
3078 9115.0
3079 9116.0
3080 9117.05
3081 9118.15
3082 9119.15
3083 9120.15
3084 9121.15
3085 9122.15
3086 9123.1
3087 9124.15
3088 9125.2
3089 9126.35
3090 9127.5
3091 9128.65
3092 9129.95
3093 9131.25
3094 9132.45
3095 9133.9
3096 9135.4
3097 9137.0
3098 9138.5
3099 9140.0
3100 9141.5
3101 9143.0
3102 9144.5
3103 9146.0
3104 9147.5
3105 9149.1
3106 9150.7
3107 9152.3
3108 9153.9
3109 9155.5
3110 9157.05
3111 9158.55
3112 9160.05
3113 9161.7
3114 9163.45
3115 9165.25
3116 9167.05
3117 9168.7
3118 9170.4
3119 9171.95
3120 9173.45
3121 9174.9
3122 9176.3
3123 9177.7
3124 9179.15
3125 9180.3
3126 9181.45
3127 9182.55
3128 9183.6
3129 9184.8
3130 9186.05
3131 9187.35
3132 9188.8
3133 9190.4
3134 9192.2
3135 9193.9
3136 9195.5
3137 9197.1
3138 9198.7
3139 9200.3
3140 9201.9
3141 9203.6
3142 9205.35
3143 9207.0
3144 9208.65
3145 9210.35
3146 9212.15
3147 9213.95
3148 9215.7
3149 9217.5
3150 9219.3
3151 9221.1
3152 9222.85
3153 9224.65
3154 9226.4
3155 9228.15
3156 9229.8
3157 9231.55
3158 9233.35
3159 9235.0
3160 9236.75
3161 9238.55
3162 9240.2
3163 9241.85
3164 9243.4
3165 9245.0
3166 9246.6
3167 9248.2
3168 9249.8
3169 9251.4
3170 9253.0
3171 9254.5
3172 9255.95
3173 9257.4
3174 9258.8
3175 9260.1
3176 9261.45
3177 9262.85
3178 9264.2
3179 9265.55
3180 9267.1
3181 9268.8
3182 9270.55
3183 9272.25
3184 9273.95
3185 9275.6
3186 9277.2
3187 9278.65
3188 9280.1
3189 9281.55
3190 9282.9
3191 9284.2
3192 9285.6
3193 9286.9
3194 9288.25
3195 9289.55
3196 9290.85
3197 9292.15
3198 9293.45
3199 9294.75
3200 9296.15
3201 9297.65
3202 9299.15
3203 9300.65
3204 9302.2
3205 9303.9
3206 9305.45
3207 9307.05
3208 9308.75
3209 9310.4
3210 9311.85
3211 9313.15
3212 9314.35
3213 9315.6
3214 9316.9
3215 9318.45
3216 9320.05
3217 9321.65
3218 9323.2
3219 9324.8
3220 9326.55
3221 9328.25
3222 9330.0
3223 9331.75
3224 9333.4
3225 9335.1
3226 9336.9
3227 9338.7
3228 9340.5
3229 9342.3
3230 9344.0
3231 9345.65
3232 9347.35
3233 9349.0
3234 9350.55
3235 9352.05
3236 9353.65
3237 9355.15
3238 9356.55
3239 9358.05
3240 9359.55
3241 9361.05
3242 9362.55
3243 9364.0
3244 9365.5
3245 9366.8
3246 9368.1
3247 9369.5
3248 9370.9
3249 9372.25
3250 9373.55
3251 9374.95
3252 9376.2
3253 9377.45
3254 9378.85
3255 9380.25
3256 9381.55
3257 9382.9
3258 9384.3
3259 9385.7
3260 9387.2
3261 9388.65
3262 9390.1
3263 9391.6
3264 9393.1
3265 9394.5
3266 9395.8
3267 9397.2
3268 9398.6
3269 9399.9
3270 9401.2
3271 9402.5
3272 9403.8
3273 9405.1
3274 9406.35
3275 9407.6
3276 9408.85
3277 9410.05
3278 9411.35
3279 9412.6
3280 9413.7
3281 9414.8
3282 9415.9
3283 9416.95
3284 9417.85
3285 9418.85
3286 9419.85
3287 9420.9
3288 9422.05
3289 9423.35
3290 9424.6
3291 9425.9
3292 9427.15
3293 9428.4
3294 9429.7
3295 9431.0
3296 9432.3
3297 9433.5
3298 9434.7
3299 9435.9
3300 9437.15
3301 9438.55
3302 9440.05
3303 9441.65
3304 9443.2
3305 9444.7
3306 9446.15
3307 9447.6
3308 9449.0
3309 9450.4
3310 9451.8
3311 9453.1
3312 9454.4
3313 9455.8
3314 9457.15
3315 9458.6
3316 9460.1
3317 9461.5
3318 9462.75
3319 9464.0
3320 9465.25
3321 9466.45
3322 9467.65
3323 9468.8
3324 9469.95
3325 9471.15
3326 9472.35
3327 9473.55
3328 9474.75
3329 9476.05
3330 9477.3
3331 9478.6
3332 9479.85
3333 9481.05
3334 9482.35
3335 9483.65
3336 9484.95
3337 9486.2
3338 9487.4
3339 9488.6
3340 9489.8
3341 9491.0
3342 9492.2
3343 9493.3
3344 9494.4
3345 9495.25
3346 9496.15
3347 9497.05
3348 9497.95
3349 9498.7
3350 9499.4
3351 9500.3
3352 9501.35
3353 9502.45
3354 9503.6
3355 9504.85
3356 9506.15
3357 9507.45
3358 9508.75
3359 9509.95
3360 9511.2
3361 9512.3
3362 9513.45
3363 9514.55
3364 9515.55
3365 9516.65
3366 9517.85
3367 9519.15
3368 9520.45
3369 9521.75
3370 9523.05
3371 9524.35
3372 9525.65
3373 9526.95
3374 9528.25
3375 9528.25
3376 9528.25
3377 9528.25
3378 9528.25
3379 9528.25
3380 9528.25
3381 9528.25
3382 9528.25
3383 9528.25
3384 9528.25
3385 9528.25
3386 9528.25
3387 9528.25
3388 9528.25
3389 9528.25
3390 9528.25
3391 9528.25
3392 9528.25
3393 9528.25
3394 9528.25
3395 9528.25
3396 9528.25
3397 9528.25
3398 9528.25
3399 9528.25
3400 9528.25
3401 9528.25
3402 9528.25
3403 9528.25
3404 9528.25
3405 9528.25
3406 9528.25
3407 9528.25
3408 9528.25
3409 9528.25
3410 9528.25
3411 9528.25
3412 9528.25
3413 9528.25
3414 9528.25
3415 9528.25
3416 9528.25
3417 9528.25
3418 9528.25
3419 9528.25
3420 9528.25
3421 9528.25
3422 9528.25
3423 9528.25
3424 9528.25
3425 9528.25
3426 9528.25
3427 9528.25
3428 9528.25
3429 9528.25
3430 9528.25
3431 9528.25
3432 9528.25
3433 9528.25
3434 9528.25
3435 9528.25
3436 9528.25
3437 9528.25
3438 9528.25
3439 9528.25
3440 9528.25
3441 9528.25
3442 9528.25
3443 9528.25
3444 9528.25
3445 9528.25
3446 9528.25
3447 9528.25
3448 9528.25
3449 9528.25
3450 9528.25
3451 9528.25
3452 9528.25
3453 9528.25
3454 9528.25
3455 9528.25
3456 9528.25
3457 9528.25
3458 9528.25
3459 9528.25
3460 9528.25
3461 9528.25
3462 9528.25
3463 9528.25
3464 9528.25
3465 9528.25
3466 9528.25
3467 9528.25
3468 9528.25
3469 9528.25
3470 9528.25
3471 9528.25
3472 9528.25
3473 9528.25
3474 9528.25
3475 9528.25
3476 9528.25
3477 9528.25
3478 9528.25
3479 9528.25
3480 9528.25
3481 9528.25
3482 9528.25
3483 9528.25
3484 9528.25
3485 9528.25
3486 9528.25
3487 9528.25
3488 9528.25
3489 9528.25
3490 9528.25
3491 9528.25
3492 9528.25
3493 9528.25
3494 9528.25
3495 9528.25
3496 9528.25
3497 9528.25
3498 9528.25
3499 9528.25
3500 9528.25
3501 9528.25
3502 9528.25
3503 9528.25
3504 9528.25
3505 9528.25
3506 9528.25
3507 9528.25
3508 9528.25
3509 9528.25
3510 9528.25
3511 9528.25
3512 9528.25
3513 9528.25
3514 9528.25
3515 9528.25
3516 9528.25
3517 9528.25
3518 9528.25
3519 9528.25
3520 9528.25
3521 9528.25
3522 9528.25
3523 9528.25
3524 9528.25
3525 9528.25
3526 9528.25
3527 9528.25
3528 9528.25
3529 9528.25
3530 9528.25
3531 9528.25
3532 9528.25
3533 9528.25
3534 9528.25
3535 9528.25
3536 9528.25
3537 9528.25
3538 9528.25
3539 9528.25
3540 9528.25
3541 9528.25
3542 9528.25
3543 9528.25
3544 9528.25
3545 9528.25
3546 9528.25
3547 9528.25
3548 9528.25
3549 9528.25
3550 9528.25
3551 9528.25
3552 9528.25
3553 9528.25
3554 9528.25
3555 9528.25
3556 9528.25
3557 9528.25
3558 9528.25
3559 9528.25
3560 9528.25
3561 9528.25
3562 9528.25
3563 9528.25
3564 9528.25
3565 9528.25
3566 9528.25
3567 9528.25
3568 9528.25
3569 9528.25
3570 9528.25
3571 9528.25
3572 9528.25
3573 9528.25
3574 9528.25
3575 9528.25
3576 9528.25
3577 9528.25
3578 9528.25
3579 9528.25
3580 9528.25
3581 9528.25
3582 9528.25
3583 9528.25
3584 9528.25
3585 9528.25
3586 9528.25
3587 9528.25
3588 9528.25
3589 9528.25
3590 9528.25
3591 9528.25
3592 9528.25
3593 9528.25
3594 9528.25
3595 9528.25
3596 9528.25
3597 9528.25
3598 9528.25
3599 9528.25
3600 9528.25
3601 9528.25
3602 9528.25
3603 9528.25
3604 9528.25
3605 9528.25
3606 9528.25
3607 9528.25
3608 9528.25
3609 9528.25
3610 9528.25
3611 9528.25
3612 9528.25
3613 9528.25
3614 9528.25
3615 9528.25
3616 9528.25
3617 9528.25
3618 9528.25
3619 9528.25
3620 9528.25
3621 9528.25
3622 9528.25
3623 9528.25
3624 9528.25
3625 9528.25
3626 9528.25
3627 9528.25
3628 9528.25
3629 9528.25
3630 9528.25
3631 9528.25
3632 9528.25
3633 9528.25
3634 9528.25
3635 9528.25
3636 9528.25
3637 9528.25
3638 9528.25
3639 9528.25
3640 9528.25
3641 9528.25
3642 9528.25
3643 9528.25
3644 9528.25
3645 9528.25
3646 9528.25
3647 9528.25
3648 9528.25
3649 9528.25
3650 9528.25
3651 9528.25
3652 9528.25
3653 9528.25
3654 9528.25
3655 9528.25
3656 9528.25
3657 9528.25
3658 9528.25
3659 9528.25
3660 9528.25
3661 9528.25
3662 9528.25
3663 9528.25
3664 9528.25
3665 9528.25
3666 9528.25
3667 9528.25
3668 9528.25
3669 9528.25
3670 9528.25
3671 9528.25
3672 9528.25
3673 9528.25
3674 9528.25
3675 9528.25
3676 9528.25
3677 9528.25
3678 9528.25
3679 9528.25
3680 9528.25
3681 9528.25
3682 9528.25
3683 9528.25
3684 9528.25
3685 9528.25
3686 9528.25
3687 9528.25
3688 9528.25
3689 9528.25
3690 9528.25
3691 9528.25
3692 9528.25
3693 9528.25
3694 9528.25
3695 9528.25
3696 9528.25
3697 9528.25
3698 9528.25
3699 9528.25
3700 9528.25
3701 9528.25
3702 9528.25
3703 9528.25
3704 9528.25
3705 9528.25
3706 9528.25
3707 9528.25
3708 9528.25
3709 9528.25
3710 9528.25
3711 9528.25
3712 9528.25
3713 9528.25
3714 9528.25
3715 9528.25
3716 9528.25
3717 9528.25
3718 9528.25
3719 9528.25
3720 9528.25
3721 9528.25
3722 9528.25
3723 9528.25
3724 9528.25
3725 9528.25
3726 9528.25
3727 9528.25
3728 9528.25
3729 9528.25
3730 9528.25
3731 9528.25
3732 9528.25
3733 9528.25
3734 9528.25
3735 9528.25
3736 9528.25
3737 9528.25
3738 9528.25
3739 9528.25
3740 9528.25
3741 9528.25
3742 9528.25
3743 9528.25
3744 9528.25
3745 9528.25
3746 9528.25
3747 9528.25
3748 9528.25
3749 9528.25
3750 9528.25
3751 9528.25
3752 9528.25
3753 9528.25
3754 9528.25
3755 9528.25
3756 9528.25
3757 9528.25
3758 9528.25
3759 9528.25
3760 9528.25
3761 9528.25
3762 9528.25
3763 9528.25
3764 9528.25
3765 9528.25
3766 9528.25
3767 9528.25
3768 9528.25
3769 9528.25
3770 9528.25
3771 9528.25
3772 9528.25
3773 9528.25
3774 9528.25
3775 9528.25
3776 9528.25
3777 9528.25
3778 9528.25
3779 9528.25
3780 9528.25
3781 9528.25
3782 9528.25
3783 9528.25
3784 9528.25
3785 9528.25
3786 9528.25
3787 9528.25
3788 9528.25
3789 9528.25
3790 9528.25
3791 9528.25
3792 9528.25
3793 9528.25
3794 9528.25
3795 9528.25
3796 9528.25
3797 9528.25
3798 9528.25
3799 9528.25
3800 9528.25
3801 9528.25
3802 9528.25
3803 9528.25
3804 9528.25
3805 9528.25
3806 9528.25
3807 9528.25
3808 9528.25
3809 9528.25
3810 9528.25
3811 9528.25
3812 9528.25
3813 9528.25
3814 9528.25
3815 9528.25
3816 9528.25
3817 9528.25
3818 9528.25
3819 9528.25
3820 9528.25
3821 9528.25
3822 9528.25
3823 9528.25
3824 9528.25
3825 9528.25
3826 9528.25
3827 9528.25
3828 9528.25
3829 9528.25
3830 9528.25
3831 9528.25
3832 9528.25
3833 9528.25
3834 9528.25
3835 9528.25
3836 9528.25
3837 9528.25
3838 9528.25
3839 9528.25
3840 9528.25
3841 9528.25
3842 9528.25
3843 9528.25
3844 9528.25
3845 9528.25
3846 9528.25
3847 9528.25
3848 9528.25
3849 9528.25
3850 9528.25
3851 9528.25
3852 9528.25
3853 9528.25
3854 9528.25
3855 9528.25
3856 9528.25
3857 9528.25
3858 9528.25
3859 9528.25
3860 9528.25
3861 9528.25
3862 9528.25
3863 9528.25
3864 9528.25
3865 9528.25
3866 9528.25
3867 9528.25
3868 9528.25
3869 9528.25
3870 9528.25
3871 9528.25
3872 9528.25
3873 9528.25
3874 9528.25
3875 9528.25
3876 9528.25
3877 9528.25
3878 9528.25
3879 9528.25
3880 9528.25
3881 9528.25
3882 9528.25
3883 9528.25
3884 9528.25
3885 9528.25
3886 9528.25
3887 9528.25
3888 9528.25
3889 9528.25
3890 9528.25
3891 9528.25
3892 9528.25
3893 9528.25
3894 9528.25
3895 9528.25
3896 9528.25
3897 9528.25
3898 9528.25
3899 9528.25
3900 9528.25
3901 9528.25
3902 9528.25
3903 9528.25
3904 9528.25
3905 9528.25
3906 9528.25
3907 9528.25
3908 9528.25
3909 9528.25
3910 9528.25
3911 9528.25
3912 9528.25
3913 9528.25
3914 9528.25
3915 9528.25
3916 9528.25
3917 9528.25
3918 9528.25
3919 9528.25
3920 9528.25
3921 9528.25
3922 9528.25
3923 9528.25
3924 9528.25
3925 9528.25
3926 9528.25
3927 9528.25
3928 9528.25
3929 9528.25
3930 9528.25
3931 9528.25
3932 9528.25
3933 9528.25
3934 9528.25
3935 9528.25
3936 9528.25
3937 9528.25
3938 9528.25
3939 9528.25
3940 9528.25
3941 9528.25
3942 9528.25
3943 9528.25
3944 9528.25
3945 9528.25
3946 9528.25
3947 9528.25
3948 9528.25
3949 9528.25
3950 9528.25
3951 9528.25
3952 9528.25
3953 9528.25
3954 9528.25
3955 9528.25
3956 9528.25
3957 9528.25
3958 9528.25
3959 9528.25
3960 9528.25
3961 9528.25
3962 9528.25
3963 9528.25
3964 9528.25
3965 9528.25
3966 9528.25
3967 9528.25
3968 9528.25
3969 9528.25
3970 9528.25
3971 9528.25
3972 9528.25
3973 9528.25
3974 9528.25
3975 9528.25
3976 9528.25
3977 9528.25
3978 9528.25
3979 9528.25
3980 9528.25
3981 9528.25
3982 9528.25
3983 9528.25
3984 9528.25
3985 9528.25
3986 9528.25
3987 9528.25
3988 9528.25
3989 9528.25
3990 9528.25
3991 9528.25
3992 9528.25
3993 9528.25
3994 9528.25
3995 9528.25
3996 9528.25
3997 9528.25
3998 9528.25
3999 9528.25
4000 9528.25
4001 9528.25
4002 9528.25
4003 9528.25
4004 9528.25
4005 9528.25
4006 9528.25
4007 9528.25
4008 9528.25
4009 9528.25
4010 9528.25
4011 9528.25
4012 9528.25
4013 9528.25
4014 9528.25
4015 9528.25
4016 9528.25
4017 9528.25
4018 9528.25
4019 9528.25
4020 9528.25
4021 9528.25
4022 9528.25
4023 9528.25
4024 9528.25
4025 9528.25
4026 9528.25
4027 9528.25
4028 9528.25
4029 9528.25
4030 9528.25
4031 9528.25
4032 9528.25
4033 9528.25
4034 9528.25
4035 9528.25
4036 9528.25
4037 9528.25
4038 9528.25
4039 9528.25
4040 9528.25
4041 9528.25
4042 9528.25
4043 9528.25
4044 9528.25
4045 9528.25
4046 9528.25
4047 9528.25
4048 9528.25
4049 9528.25
4050 9528.25
4051 9528.25
4052 9528.25
4053 9528.25
4054 9528.25
4055 9528.25
4056 9528.25
4057 9528.25
4058 9528.25
4059 9528.25
4060 9528.25
4061 9528.25
4062 9528.25
4063 9528.25
4064 9528.25
4065 9528.25
4066 9528.25
4067 9528.25
4068 9528.25
4069 9528.25
4070 9528.25
4071 9528.25
4072 9528.25
4073 9528.25
4074 9528.25
4075 9528.25
4076 9528.25
4077 9528.25
4078 9528.25
4079 9528.25
4080 9528.25
4081 9528.25
4082 9528.25
4083 9528.25
4084 9528.25
4085 9528.25
4086 9528.25
4087 9528.25
4088 9528.25
4089 9528.25
4090 9528.25
4091 9528.25
4092 9528.25
4093 9528.25
4094 9528.25
4095 9528.25
4096 9528.25
4097 9528.25
4098 9528.25
4099 9528.25
4100 9528.25
4101 9528.25
4102 9528.25
4103 9528.25
4104 9528.25
4105 9528.25
4106 9528.25
4107 9528.25
4108 9528.25
4109 9528.25
4110 9528.25
4111 9528.25
4112 9528.25
4113 9528.25
4114 9528.25
4115 9528.25
4116 9528.25
4117 9528.25
4118 9528.25
4119 9528.25
4120 9528.25
4121 9528.25
4122 9528.25
4123 9528.25
4124 9528.25
4125 9528.25
4126 9528.25
4127 9528.25
4128 9528.25
4129 9528.25
4130 9528.25
4131 9528.25
4132 9528.25
4133 9528.25
4134 9528.25
4135 9528.25
4136 9528.25
4137 9528.25
4138 9528.25
4139 9528.25
4140 9528.25
4141 9528.25
4142 9528.25
4143 9528.25
4144 9528.25
4145 9528.25
4146 9528.25
4147 9528.25
4148 9528.25
4149 9528.25
4150 9528.25
4151 9528.25
4152 9528.25
4153 9528.25
4154 9528.25
4155 9528.25
4156 9528.25
4157 9528.25
4158 9528.25
4159 9528.25
4160 9528.25
4161 9528.25
4162 9528.25
4163 9528.25
4164 9528.25
4165 9528.25
4166 9528.25
4167 9528.25
4168 9528.25
4169 9528.25
4170 9528.25
4171 9528.25
4172 9528.25
4173 9528.25
4174 9528.25
4175 9528.25
4176 9528.25
4177 9528.25
4178 9528.25
4179 9528.25
4180 9528.25
4181 9528.25
4182 9528.25
4183 9528.25
4184 9528.25
4185 9528.25
4186 9528.25
4187 9528.25
4188 9528.25
4189 9528.25
4190 9528.25
4191 9528.25
4192 9528.25
4193 9528.25
4194 9528.25
4195 9528.25
4196 9528.25
4197 9528.25
4198 9528.25
4199 9528.25
4200 9528.25
4201 9528.25
4202 9528.25
4203 9528.25
4204 9528.25
4205 9528.25
4206 9528.25
4207 9528.25
4208 9528.25
4209 9528.25
4210 9528.25
4211 9528.25
4212 9528.25
4213 9528.25
4214 9528.25
4215 9528.25
4216 9528.25
4217 9528.25
4218 9528.25
4219 9528.25
4220 9528.25
4221 9528.25
4222 9528.25
4223 9528.25
4224 9528.25
4225 9528.25
4226 9528.25
4227 9528.25
4228 9528.25
4229 9528.25
4230 9528.25
4231 9528.25
4232 9528.25
4233 9528.25
4234 9528.25
4235 9528.25
4236 9528.25
4237 9528.25
4238 9528.25
4239 9528.25
4240 9528.25
4241 9528.25
4242 9528.25
4243 9528.25
4244 9528.25
4245 9528.25
4246 9528.25
4247 9528.25
4248 9528.25
4249 9528.25
4250 9528.25
4251 9528.25
4252 9528.25
4253 9528.25
4254 9528.25
4255 9528.25
4256 9528.25
4257 9528.25
4258 9528.25
4259 9528.25
4260 9528.25
4261 9528.25
4262 9528.25
4263 9528.25
4264 9528.25
4265 9528.25
4266 9528.25
4267 9528.25
4268 9528.25
4269 9528.25
4270 9528.25
4271 9528.25
4272 9528.25
4273 9528.25
4274 9528.25
4275 9528.25
4276 9528.25
4277 9528.25
4278 9528.25
4279 9528.25
4280 9528.25
4281 9528.25
4282 9528.25
4283 9528.25
4284 9528.25
4285 9528.25
4286 9528.25
4287 9528.25
4288 9528.25
4289 9528.25
4290 9528.25
4291 9528.25
4292 9528.25
4293 9528.25
4294 9528.25
4295 9528.25
4296 9528.25
4297 9528.25
4298 9528.25
4299 9528.25
4300 9528.25
4301 9528.25
4302 9528.25
4303 9528.25
4304 9528.25
4305 9528.25
4306 9528.25
4307 9528.25
4308 9528.25
4309 9528.25
4310 9528.25
4311 9528.25
4312 9528.25
4313 9528.25
4314 9528.25
4315 9528.25
4316 9528.25
4317 9528.25
4318 9528.25
4319 9528.25
4320 9528.25
4321 9528.25
4322 9528.25
4323 9528.25
4324 9528.25
4325 9528.25
4326 9528.25
4327 9528.25
4328 9528.25
4329 9528.25
4330 9528.25
4331 9528.25
4332 9528.25
4333 9528.25
4334 9528.25
4335 9528.25
4336 9528.25
4337 9528.25
4338 9528.25
4339 9528.25
4340 9528.25
4341 9528.25
4342 9528.25
4343 9528.25
4344 9528.25
4345 9528.25
4346 9528.25
4347 9528.25
4348 9528.25
4349 9528.25
4350 9528.25
4351 9528.25
4352 9528.25
4353 9528.25
4354 9528.25
4355 9528.25
4356 9528.25
4357 9528.25
4358 9528.25
4359 9528.25
4360 9528.25
4361 9528.25
4362 9528.25
4363 9528.25
4364 9528.25
4365 9528.25
4366 9528.25
4367 9528.25
4368 9528.25
4369 9528.25
4370 9528.25
4371 9528.25
4372 9528.25
4373 9528.25
4374 9528.25
4375 9528.25
4376 9528.25
4377 9528.25
4378 9528.25
4379 9528.25
4380 9528.25
4381 9528.25
4382 9528.25
4383 9528.25
4384 9528.25
4385 9528.25
4386 9528.25
4387 9528.25
4388 9528.25
4389 9528.25
4390 9528.25
4391 9528.25
4392 9528.25
4393 9528.25
4394 9528.25
4395 9528.25
4396 9528.25
4397 9528.25
4398 9528.25
4399 9528.25
4400 9528.25
4401 9528.25
4402 9528.25
4403 9528.25
4404 9528.25
4405 9528.25
4406 9528.25
4407 9528.25
4408 9528.25
4409 9528.25
4410 9528.25
4411 9528.25
4412 9528.25
4413 9528.25
4414 9528.25
4415 9528.25
4416 9528.25
4417 9528.25
4418 9528.25
4419 9528.25
4420 9528.25
4421 9528.25
4422 9528.25
4423 9528.25
4424 9528.25
4425 9528.25
4426 9528.25
4427 9528.25
4428 9528.25
4429 9528.25
4430 9528.25
4431 9528.25
4432 9528.25
4433 9528.25
4434 9528.25
4435 9528.25
4436 9528.25
4437 9528.25
4438 9528.25
4439 9528.25
4440 9528.25
4441 9528.25
4442 9528.25
4443 9528.25
4444 9528.25
4445 9528.25
4446 9528.25
4447 9528.25
4448 9528.25
4449 9528.25
4450 9528.25
4451 9528.25
4452 9528.25
4453 9528.25
4454 9528.25
4455 9528.25
4456 9528.25
4457 9528.25
4458 9528.25
4459 9528.25
4460 9528.25
4461 9528.25
4462 9528.25
4463 9528.25
4464 9528.25
4465 9528.25
4466 9528.25
4467 9528.25
4468 9528.25
4469 9528.25
4470 9528.25
4471 9528.25
4472 9528.25
4473 9528.25
4474 9528.25
4475 9528.25
4476 9528.25
4477 9528.25
4478 9528.25
4479 9528.25
4480 9528.25
4481 9528.25
4482 9528.25
4483 9528.25
4484 9528.25
4485 9528.25
4486 9528.25
4487 9528.25
4488 9528.25
4489 9528.25
4490 9528.25
4491 9528.25
4492 9528.25
4493 9528.25
4494 9528.25
4495 9528.25
4496 9528.25
4497 9528.25
4498 9528.25
4499 9528.25
4500 9528.25
4501 9528.25
4502 9528.25
4503 9528.25
4504 9528.25
4505 9528.25
4506 9528.25
4507 9528.25
4508 9528.25
4509 9528.25
4510 9528.25
4511 9528.25
4512 9528.25
4513 9528.25
4514 9528.25
4515 9528.25
4516 9528.25
4517 9528.25
4518 9528.25
4519 9528.25
4520 9528.25
4521 9528.25
4522 9528.25
4523 9528.25
4524 9528.25
4525 9528.25
4526 9528.25
4527 9528.25
4528 9528.25
4529 9528.25
4530 9528.25
4531 9528.25
4532 9528.25
4533 9528.25
4534 9528.25
4535 9528.25
4536 9528.25
4537 9528.25
4538 9528.25
4539 9528.25
4540 9528.25
4541 9528.25
4542 9528.25
4543 9528.25
4544 9528.25
4545 9528.25
4546 9528.25
4547 9528.25
4548 9528.25
4549 9528.25
4550 9528.25
4551 9528.25
4552 9528.25
4553 9528.25
4554 9528.25
4555 9528.25
4556 9528.25
4557 9528.25
4558 9528.25
4559 9528.25
4560 9528.25
4561 9528.25
4562 9528.25
4563 9528.25
4564 9528.25
4565 9528.25
4566 9528.25
4567 9528.25
4568 9528.25
4569 9528.25
4570 9528.25
4571 9528.25
4572 9528.25
4573 9528.25
4574 9528.25
4575 9528.25
4576 9528.25
4577 9528.25
4578 9528.25
4579 9528.25
4580 9528.25
4581 9528.25
4582 9528.25
4583 9528.25
4584 9528.25
4585 9528.25
4586 9528.25
4587 9528.25
4588 9528.25
4589 9528.25
4590 9528.25
4591 9528.25
4592 9528.25
4593 9528.25
4594 9528.25
4595 9528.25
4596 9528.25
4597 9528.25
4598 9528.25
4599 9528.25
4600 9528.25
4601 9528.25
4602 9528.25
4603 9528.25
4604 9528.25
4605 9528.25
4606 9528.25
4607 9528.25
4608 9528.25
4609 9528.25
4610 9528.25
4611 9528.25
4612 9528.25
4613 9528.25
4614 9528.25
4615 9528.25
4616 9528.25
4617 9528.25
4618 9528.25
4619 9528.25
4620 9528.25
4621 9528.25
4622 9528.25
4623 9528.25
4624 9528.25
4625 9528.25
4626 9528.25
4627 9528.25
4628 9528.25
4629 9528.25
4630 9528.25
4631 9528.25
4632 9528.25
4633 9528.25
4634 9528.25
4635 9528.25
4636 9528.25
4637 9528.25
4638 9528.25
4639 9528.25
4640 9528.25
4641 9528.25
4642 9528.25
4643 9528.25
4644 9528.25
4645 9528.25
4646 9528.25
4647 9528.25
4648 9528.25
4649 9528.25
4650 9528.25
4651 9528.25
4652 9528.25
4653 9528.25
4654 9528.25
4655 9528.25
4656 9528.25
4657 9528.25
4658 9528.25
4659 9528.25
4660 9528.25
4661 9528.25
4662 9528.25
4663 9528.25
4664 9528.25
4665 9528.25
4666 9528.25
4667 9528.25
4668 9528.25
4669 9528.25
4670 9528.25
4671 9528.25
4672 9528.25
4673 9528.25
4674 9528.25
4675 9528.25
4676 9528.25
4677 9528.25
4678 9528.25
4679 9528.25
4680 9528.25
4681 9528.25
4682 9528.25
4683 9528.25
4684 9528.25
4685 9528.25
4686 9528.25
4687 9528.25
4688 9528.25
4689 9528.25
4690 9528.25
4691 9528.25
4692 9528.25
4693 9528.25
4694 9528.25
4695 9528.25
4696 9528.25
4697 9528.25
4698 9528.25
4699 9528.25
4700 9528.25
4701 9528.25
4702 9528.25
4703 9528.25
4704 9528.25
4705 9528.25
4706 9528.25
4707 9528.25
4708 9528.25
4709 9528.25
4710 9528.25
4711 9528.25
4712 9528.25
4713 9528.25
4714 9528.25
4715 9528.25
4716 9528.25
4717 9528.25
4718 9528.25
4719 9528.25
4720 9528.25
4721 9528.25
4722 9528.25
4723 9528.25
4724 9528.25
4725 9528.25
4726 9528.25
4727 9528.25
4728 9528.25
4729 9528.25
4730 9528.25
4731 9528.25
4732 9528.25
4733 9528.25
4734 9528.25
4735 9528.25
4736 9528.25
4737 9528.25
4738 9528.25
4739 9528.25
4740 9528.25
4741 9528.25
4742 9528.25
4743 9528.25
4744 9528.25
4745 9528.25
4746 9528.25
4747 9528.25
4748 9528.25
4749 9528.25
4750 9528.25
4751 9528.25
4752 9528.25
4753 9528.25
4754 9528.25
4755 9528.25
4756 9528.25
4757 9528.25
4758 9528.25
4759 9528.25
4760 9528.25
4761 9528.25
4762 9528.25
4763 9528.25
4764 9528.25
4765 9528.25
4766 9528.25
4767 9528.25
4768 9528.25
4769 9528.25
4770 9528.25
4771 9528.25
4772 9528.25
4773 9528.25
4774 9528.25
4775 9528.25
4776 9528.25
4777 9528.25
4778 9528.25
4779 9528.25
4780 9528.25
4781 9528.25
4782 9528.25
4783 9528.25
4784 9528.25
4785 9528.25
4786 9528.25
4787 9528.25
4788 9528.25
4789 9528.25
4790 9528.25
4791 9528.25
4792 9528.25
4793 9528.25
4794 9528.25
4795 9528.25
4796 9528.25
4797 9528.25
4798 9528.25
4799 9528.25
4800 9528.25
4801 9528.25
4802 9528.25
4803 9528.25
4804 9528.25
4805 9528.25
4806 9528.25
4807 9528.25
4808 9528.25
4809 9528.25
4810 9528.25
4811 9528.25
4812 9528.25
4813 9528.25
4814 9528.25
4815 9528.25
4816 9528.25
4817 9528.25
4818 9528.25
4819 9528.25
4820 9528.25
4821 9528.25
4822 9528.25
4823 9528.25
4824 9528.25
4825 9528.25
4826 9528.25
4827 9528.25
4828 9528.25
4829 9528.25
4830 9528.25
4831 9528.25
4832 9528.25
4833 9528.25
4834 9528.25
4835 9528.25
4836 9528.25
4837 9528.25
4838 9528.25
4839 9528.25
4840 9528.25
4841 9528.25
4842 9528.25
4843 9528.25
4844 9528.25
4845 9528.25
4846 9528.25
4847 9528.25
4848 9528.25
4849 9528.25
4850 9528.25
4851 9528.25
4852 9528.25
4853 9528.25
4854 9528.25
4855 9528.25
4856 9528.25
4857 9528.25
4858 9528.25
4859 9528.25
4860 9528.25
4861 9528.25
4862 9528.25
4863 9528.25
4864 9528.25
4865 9528.25
4866 9528.25
4867 9528.25
4868 9528.25
4869 9528.25
4870 9528.25
4871 9528.25
4872 9528.25
4873 9528.25
4874 9528.25
4875 9528.25
4876 9528.25
4877 9528.25
4878 9528.25
4879 9528.25
4880 9528.25
4881 9528.25
4882 9528.25
4883 9528.25
4884 9528.25
4885 9528.25
4886 9528.25
4887 9528.25
4888 9528.25
4889 9528.25
4890 9528.25
4891 9528.25
4892 9528.25
4893 9528.25
4894 9528.25
4895 9528.25
4896 9528.25
4897 9528.25
4898 9528.25
4899 9528.25
4900 9528.25
4901 9528.25
4902 9528.25
4903 9528.25
4904 9528.25
4905 9528.25
4906 9528.25
4907 9528.25
4908 9528.25
4909 9528.25
4910 9528.25
4911 9528.25
4912 9528.25
4913 9528.25
4914 9528.25
4915 9528.25
4916 9528.25
4917 9528.25
4918 9528.25
4919 9528.25
4920 9528.25
4921 9528.25
4922 9528.25
4923 9528.25
4924 9528.25
4925 9528.25
4926 9528.25
4927 9528.25
4928 9528.25
4929 9528.25
4930 9528.25
4931 9528.25
4932 9528.25
4933 9528.25
4934 9528.25
4935 9528.25
4936 9528.25
4937 9528.25
4938 9528.25
4939 9528.25
4940 9528.25
4941 9528.25
4942 9528.25
4943 9528.25
4944 9528.25
4945 9528.25
4946 9528.25
4947 9528.25
4948 9528.25
4949 9528.25
4950 9528.25
4951 9528.25
4952 9528.25
4953 9528.25
4954 9528.25
4955 9528.25
4956 9528.25
4957 9528.25
4958 9528.25
4959 9528.25
4960 9528.25
4961 9528.25
4962 9528.25
4963 9528.25
4964 9528.25
4965 9528.25
4966 9528.25
4967 9528.25
4968 9528.25
4969 9528.25
4970 9528.25
4971 9528.25
4972 9528.25
4973 9528.25
4974 9528.25
4975 9528.25
4976 9528.25
4977 9528.25
4978 9528.25
4979 9528.25
4980 9528.25
4981 9528.25
4982 9528.25
4983 9528.25
4984 9528.25
4985 9528.25
4986 9528.25
4987 9528.25
4988 9528.25
4989 9528.25
4990 9528.25
4991 9528.25
4992 9528.25
4993 9528.25
4994 9528.25
4995 9528.25
4996 9528.25
4997 9528.25
4998 9528.25
